Boundary height (mm): 1.0

Boundary (x, y) points transformed on the world xy plane (m):
0.0327 0.0340
0.0270 0.0343
0.0267 0.0347
0.0270 0.0350
0.0277 0.0349
0.0240 0.0352
0.0236 0.0355
0.0233 0.0352
0.0230 0.0356
0.0226 0.0356
0.0223 0.0353
0.0213 0.0353
0.0216 0.0353
0.0220 0.0350
0.0237 0.0349
0.0240 0.0345
0.0237 0.0342
0.0216 0.0343
0.0213 0.0340
0.0210 0.0343
0.0206 0.0340
0.0149 0.0344
0.0145 0.0347
0.0145 0.0344
0.0142 0.0341
0.0090 0.0344
0.0087 0.0347
0.0090 0.0351
0.0094 0.0350
0.0087 0.0351
0.0087 0.0344
0.0084 0.0341
0.0042 0.0343
0.0039 0.0340
0.0035 0.0344
0.0035 0.0347
0.0029 0.0341
-0.0006 0.0343
-0.0009 0.0339
-0.0008 0.0309
-0.0011 0.0306
-0.0008 0.0228
-0.0011 0.0225
-0.0010 0.0194
-0.0007 0.0191
-0.0006 0.0184
-0.0010 0.0181
-0.0009 0.0178
-0.0016 0.0171
-0.0075 0.0174
-0.0078 0.0171
-0.0130 0.0174
-0.0133 0.0170
-0.0165 0.0172
-0.0169 0.0176
-0.0172 0.0176
-0.0176 0.0179
-0.0177 0.0210
-0.0174 0.0213
-0.0177 0.0271
-0.0174 0.0274
-0.0176 0.0322
-0.0173 0.0325
-0.0173 0.0339
-0.0177 0.0339
-0.0181 0.0343
-0.0184 0.0343
-0.0187 0.0340
-0.0248 0.0343
-0.0251 0.0340
-0.0319 0.0344
-0.0322 0.0341
-0.0340 0.0342
-0.0344 0.0338
-0.0343 0.0331
-0.0347 0.0328
-0.0343 0.0325
-0.0346 0.0321
-0.0342 0.0249
-0.0345 0.0246
-0.0343 0.0215
-0.0347 0.0212
-0.0343 0.0208
-0.0346 0.0205
-0.0344 0.0171
-0.0305 0.0169
-0.0302 0.0172
-0.0221 0.0168
-0.0217 0.0171
-0.0186 0.0170
-0.0178 0.0163
-0.0178 0.0149
-0.0181 0.0146
-0.0177 0.0142
-0.0177 0.0129
-0.0180 0.0126
-0.0174 0.0006
-0.0170 0.0002
-0.0153 0.0001
-0.0149 0.0005
-0.0046 0.0001
-0.0043 0.0004
-0.0016 0.0003
-0.0009 -0.0004
-0.0006 -0.0057
-0.0010 -0.0060
-0.0007 -0.0125
-0.0010 -0.0128
-0.0010 -0.0134
-0.0006 -0.0138
-0.0010 -0.0141
-0.0005 -0.0240
-0.0009 -0.0243
-0.0005 -0.0335
0.0045 -0.0336
0.0048 -0.0333
0.0161 -0.0336
0.0160 -0.0333
0.0164 -0.0330
0.0161 -0.0235
0.0164 -0.0232
0.0162 -0.0175
0.0168 -0.0169
0.0182 -0.0169
0.0185 -0.0166
0.0270 -0.0169
0.0273 -0.0166
0.0326 -0.0167
0.0329 -0.0164
0.0329 -0.0155
0.0325 -0.0152
0.0324 -0.0117
0.0328 -0.0114
0.0325 -0.0002
0.0328 0.0002
0.0328 0.0027
0.0324 0.0031
0.0328 0.0034
0.0327 0.0070
0.0330 0.0073
0.0329 0.0102
0.0326 0.0105
0.0326 0.0122
0.0329 0.0125
0.0328 0.0164
0.0331 0.0167
0.0328 0.0303
0.0332 0.0306
0.0331 0.0336
0.0327 0.0340
