Boundary height (mm): 1.0

Boundary (x, y) points transformed on the world xy plane (m):
0.0154 0.0169
0.0117 0.0171
0.0114 0.0168
0.0107 0.0169
0.0103 0.0172
0.0100 0.0169
0.0056 0.0171
0.0053 0.0168
0.0001 0.0170
-0.0009 0.0161
-0.0006 0.0094
-0.0009 0.0091
-0.0006 0.0088
-0.0009 0.0085
-0.0007 0.0038
-0.0010 0.0035
-0.0009 0.0009
-0.0006 0.0005
-0.0002 0.0005
0.0005 -0.0002
0.0008 -0.0002
0.0011 0.0001
0.0015 0.0001
0.0018 0.0004
0.0096 0.0001
0.0099 0.0004
0.0139 0.0003
0.0143 0.0006
0.0156 0.0005
0.0159 0.0008
0.0156 0.0100
0.0160 0.0103
0.0156 0.0107
0.0155 0.0136
0.0158 0.0140
0.0158 0.0166
0.0154 0.0169
