Boundary height (mm): 1.0

Boundary (x, y) points transformed on the world xy plane (m):
0.0494 0.0504
0.0498 0.0500
0.0498 0.0497
0.0501 0.0493
0.0501 0.0476
0.0498 0.0473
0.0499 0.0413
0.0496 0.0410
0.0499 0.0406
0.0499 0.0399
0.0496 0.0396
0.0499 0.0156
0.0496 0.0152
0.0499 -0.0116
0.0496 -0.0119
0.0496 -0.0123
0.0499 -0.0126
0.0499 -0.0142
0.0496 -0.0145
0.0497 -0.0251
0.0501 -0.0254
0.0501 -0.0260
0.0498 -0.0263
0.0498 -0.0269
0.0501 -0.0272
0.0498 -0.0276
0.0498 -0.0279
0.0501 -0.0282
0.0501 -0.0288
0.0498 -0.0291
0.0501 -0.0294
0.0502 -0.0343
0.0499 -0.0346
0.0499 -0.0365
0.0502 -0.0368
0.0502 -0.0374
0.0499 -0.0377
0.0502 -0.0380
0.0502 -0.0389
0.0499 -0.0392
0.0502 -0.0395
0.0502 -0.0408
0.0499 -0.0410
0.0500 -0.0498
0.0494 -0.0504
0.0224 -0.0501
0.0221 -0.0504
0.0218 -0.0501
0.0211 -0.0501
0.0208 -0.0504
-0.0044 -0.0500
-0.0047 -0.0503
-0.0051 -0.0503
-0.0054 -0.0500
-0.0061 -0.0500
-0.0064 -0.0503
-0.0410 -0.0499
-0.0413 -0.0502
-0.0417 -0.0499
-0.0427 -0.0498
-0.0430 -0.0502
-0.0489 -0.0501
-0.0493 -0.0498
-0.0503 -0.0498
-0.0507 -0.0494
-0.0509 -0.0472
-0.0506 -0.0469
-0.0509 -0.0418
-0.0506 -0.0415
-0.0507 -0.0402
-0.0511 -0.0398
-0.0511 -0.0389
-0.0508 -0.0386
-0.0510 -0.0353
-0.0507 -0.0350
-0.0511 -0.0298
-0.0508 -0.0295
-0.0512 -0.0233
-0.0509 -0.0230
-0.0513 -0.0174
-0.0510 -0.0171
-0.0512 -0.0141
-0.0508 -0.0138
-0.0512 -0.0091
-0.0508 -0.0088
-0.0513 -0.0031
-0.0509 -0.0028
-0.0513 0.0029
-0.0510 0.0033
-0.0513 0.0077
-0.0510 0.0080
-0.0514 0.0145
-0.0511 0.0148
-0.0512 0.0169
-0.0509 0.0172
-0.0513 0.0230
-0.0510 0.0234
-0.0513 0.0282
-0.0510 0.0285
-0.0513 0.0334
-0.0510 0.0338
-0.0511 0.0362
-0.0508 0.0365
-0.0509 0.0383
-0.0506 0.0386
-0.0502 0.0386
-0.0498 0.0382
-0.0495 0.0386
-0.0495 0.0393
-0.0492 0.0396
-0.0493 0.0413
-0.0490 0.0417
-0.0491 0.0431
-0.0487 0.0434
-0.0488 0.0448
-0.0492 0.0452
-0.0493 0.0466
-0.0497 0.0470
-0.0500 0.0467
-0.0504 0.0470
-0.0506 0.0499
-0.0499 0.0506
-0.0470 0.0504
-0.0467 0.0507
-0.0419 0.0504
-0.0416 0.0507
-0.0372 0.0504
-0.0368 0.0507
-0.0318 0.0504
-0.0314 0.0507
-0.0282 0.0505
-0.0278 0.0508
-0.0232 0.0505
-0.0228 0.0509
-0.0192 0.0506
-0.0189 0.0509
-0.0136 0.0506
-0.0132 0.0509
-0.0090 0.0506
-0.0086 0.0510
-0.0051 0.0507
-0.0048 0.0510
0.0008 0.0507
0.0012 0.0510
0.0071 0.0506
0.0074 0.0509
0.0126 0.0505
0.0129 0.0509
0.0185 0.0505
0.0188 0.0508
0.0232 0.0505
0.0236 0.0508
0.0287 0.0505
0.0290 0.0508
0.0334 0.0505
0.0337 0.0508
0.0391 0.0504
0.0394 0.0507
0.0451 0.0503
0.0455 0.0507
0.0481 0.0505
0.0484 0.0508
0.0488 0.0508
0.0491 0.0504
0.0494 0.0504
