Boundary height (m): 0.0200

Boundary (x, y) points transformed on the world xy plane (m):
0.1477 0.1426
0.1476 0.1419
0.1481 0.1412
0.1477 0.1378
0.1482 0.1371
0.1478 0.1336
0.1482 0.1329
0.1478 0.1295
0.1483 0.1288
0.1479 0.1254
0.1484 0.1247
0.1477 0.1194
0.1482 0.1187
0.1476 0.1140
0.1481 0.1133
0.1478 0.1106
0.1482 0.1100
0.1480 0.1080
0.1485 0.1073
0.1481 0.1040
0.1485 0.1033
0.1483 0.1013
0.1487 0.1006
0.1484 0.0980
0.1489 0.0974
0.1486 0.0947
0.1490 0.0941
0.1484 0.0889
0.1489 0.0882
0.1483 0.0837
0.1488 0.0831
0.1484 0.0805
0.1489 0.0798
0.1484 0.0760
0.1489 0.0753
0.1478 0.0665
0.1472 0.0659
0.1466 0.0615
0.1460 0.0609
0.1458 0.0591
0.1452 0.0585
0.1447 0.0547
0.1441 0.0542
0.1440 0.0529
0.1434 0.0523
0.1433 0.0517
0.1427 0.0511
0.1426 0.0505
0.1396 0.0476
0.1391 0.0476
0.1379 0.0464
0.1374 0.0464
0.1362 0.0453
0.1356 0.0453
0.1351 0.0447
0.1345 0.0447
0.1333 0.0435
0.1328 0.0436
0.1322 0.0430
0.1317 0.0430
0.1305 0.0418
0.1300 0.0419
0.1253 0.0372
0.1252 0.0366
0.1246 0.0360
0.1245 0.0354
0.1240 0.0348
0.1236 0.0312
0.1240 0.0306
0.1239 0.0300
0.1244 0.0294
0.1243 0.0288
0.1261 0.0263
0.1266 0.0263
0.1289 0.0232
0.1294 0.0232
0.1299 0.0226
0.1304 0.0226
0.1313 0.0213
0.1318 0.0213
0.1322 0.0207
0.1327 0.0207
0.1332 0.0200
0.1337 0.0200
0.1341 0.0194
0.1347 0.0194
0.1356 0.0182
0.1366 0.0181
0.1370 0.0175
0.1375 0.0175
0.1380 0.0169
0.1385 0.0168
0.1389 0.0162
0.1395 0.0162
0.1399 0.0156
0.1404 0.0156
0.1409 0.0150
0.1414 0.0149
0.1418 0.0143
0.1423 0.0143
0.1450 0.0107
0.1449 0.0101
0.1458 0.0089
0.1457 0.0083
0.1461 0.0077
0.1460 0.0065
0.1464 0.0059
0.1456 -0.0004
0.1450 -0.0010
0.1449 -0.0016
0.1444 -0.0021
0.1443 -0.0027
0.1437 -0.0032
0.1436 -0.0038
0.1419 -0.0055
0.1418 -0.0060
0.1401 -0.0077
0.1400 -0.0082
0.1383 -0.0099
0.1378 -0.0098
0.1366 -0.0109
0.1361 -0.0109
0.1356 -0.0114
0.1350 -0.0114
0.1345 -0.0120
0.1340 -0.0119
0.1334 -0.0125
0.1329 -0.0125
0.1317 -0.0135
0.1312 -0.0135
0.1295 -0.0151
0.1295 -0.0157
0.1283 -0.0168
0.1283 -0.0173
0.1277 -0.0179
0.1274 -0.0207
0.1278 -0.0213
0.1270 -0.0279
0.1274 -0.0285
0.1267 -0.0351
0.1271 -0.0357
0.1265 -0.0406
0.1269 -0.0412
0.1264 -0.0460
0.1268 -0.0466
0.1263 -0.0503
0.1268 -0.0509
0.1262 -0.0552
0.1267 -0.0557
0.1265 -0.0573
0.1269 -0.0579
0.1266 -0.0605
0.1270 -0.0611
0.1268 -0.0632
0.1272 -0.0637
0.1267 -0.0674
0.1272 -0.0680
0.1267 -0.0716
0.1271 -0.0722
0.1268 -0.0748
0.1272 -0.0753
0.1270 -0.0774
0.1274 -0.0779
0.1271 -0.0805
0.1275 -0.0810
0.1273 -0.0826
0.1277 -0.0831
0.1275 -0.0851
0.1279 -0.0857
0.1276 -0.0877
0.1281 -0.0883
0.1278 -0.0903
0.1282 -0.0908
0.1280 -0.0923
0.1285 -0.0929
0.1279 -0.0933
0.1277 -0.0949
0.1272 -0.0953
0.1276 -0.0959
0.1274 -0.0974
0.1278 -0.0979
0.1274 -0.1014
0.1278 -0.1019
0.1276 -0.1034
0.1280 -0.1039
0.1278 -0.1059
0.1282 -0.1064
0.1280 -0.1079
0.1284 -0.1084
0.1278 -0.1134
0.1282 -0.1139
0.1272 -0.1217
0.1267 -0.1221
0.1265 -0.1236
0.1260 -0.1240
0.1241 -0.1239
0.1236 -0.1244
0.1161 -0.1240
0.1157 -0.1235
0.1153 -0.1235
0.1147 -0.1240
0.1143 -0.1239
0.1139 -0.1234
0.1134 -0.1234
0.1129 -0.1239
0.1082 -0.1236
0.1077 -0.1241
0.1049 -0.1239
0.1044 -0.1244
0.1030 -0.1243
0.1026 -0.1238
0.1007 -0.1237
0.1003 -0.1232
0.0998 -0.1232
0.0994 -0.1227
0.0989 -0.1227
0.0985 -0.1222
0.0981 -0.1221
0.0977 -0.1216
0.0972 -0.1216
0.0959 -0.1201
0.0955 -0.1201
0.0951 -0.1196
0.0946 -0.1195
0.0929 -0.1175
0.0925 -0.1175
0.0916 -0.1165
0.0911 -0.1164
0.0895 -0.1144
0.0890 -0.1144
0.0869 -0.1118
0.0864 -0.1118
0.0830 -0.1077
0.0826 -0.1076
0.0817 -0.1066
0.0813 -0.1066
0.0800 -0.1050
0.0795 -0.1050
0.0791 -0.1045
0.0786 -0.1045
0.0778 -0.1034
0.0768 -0.1034
0.0764 -0.1028
0.0754 -0.1028
0.0750 -0.1023
0.0736 -0.1022
0.0731 -0.1027
0.0721 -0.1026
0.0716 -0.1031
0.0712 -0.1031
0.0681 -0.1059
0.0676 -0.1059
0.0656 -0.1078
0.0651 -0.1077
0.0616 -0.1110
0.0611 -0.1110
0.0591 -0.1129
0.0586 -0.1128
0.0561 -0.1152
0.0556 -0.1151
0.0531 -0.1174
0.0527 -0.1174
0.0507 -0.1193
0.0502 -0.1192
0.0487 -0.1206
0.0482 -0.1206
0.0468 -0.1220
0.0463 -0.1219
0.0458 -0.1224
0.0453 -0.1224
0.0443 -0.1233
0.0439 -0.1233
0.0434 -0.1237
0.0425 -0.1237
0.0420 -0.1241
0.0415 -0.1241
0.0410 -0.1246
0.0401 -0.1245
0.0396 -0.1250
0.0391 -0.1250
0.0386 -0.1254
0.0354 -0.1252
0.0349 -0.1257
0.0312 -0.1255
0.0307 -0.1260
0.0201 -0.1254
0.0196 -0.1259
0.0173 -0.1258
0.0169 -0.1253
-0.0075 -0.1240
-0.0080 -0.1245
-0.0153 -0.1241
-0.0158 -0.1246
-0.0181 -0.1245
-0.0186 -0.1249
-0.0268 -0.1245
-0.0273 -0.1249
-0.0324 -0.1247
-0.0328 -0.1242
-0.0383 -0.1239
-0.0388 -0.1244
-0.0457 -0.1240
-0.0461 -0.1245
-0.0498 -0.1243
-0.0502 -0.1247
-0.0667 -0.1239
-0.0672 -0.1234
-0.0681 -0.1233
-0.0683 -0.1123
-0.0688 -0.1118
-0.0688 -0.1094
-0.0684 -0.1089
-0.0684 -0.1084
-0.0688 -0.1079
-0.0689 -0.1050
-0.0694 -0.1044
-0.0694 -0.1035
-0.0703 -0.1024
-0.0703 -0.1019
-0.0713 -0.1009
-0.0718 -0.1009
-0.0722 -0.1004
-0.0825 -0.0999
-0.0829 -0.1003
-0.0862 -0.1002
-0.0866 -0.1006
-0.0922 -0.1004
-0.0926 -0.1008
-0.0973 -0.1006
-0.0977 -0.1011
-0.1033 -0.1008
-0.1037 -0.1012
-0.1074 -0.1011
-0.1079 -0.1015
-0.1083 -0.1015
-0.1105 -0.1038
-0.1105 -0.1043
-0.1110 -0.1048
-0.1109 -0.1067
-0.1113 -0.1072
-0.1111 -0.1106
-0.1116 -0.1111
-0.1114 -0.1145
-0.1109 -0.1150
-0.1108 -0.1169
-0.1113 -0.1173
-0.1111 -0.1202
-0.1116 -0.1207
-0.1115 -0.1216
-0.1120 -0.1216
-0.1124 -0.1220
-0.1288 -0.1212
-0.1292 -0.1217
-0.1374 -0.1212
-0.1379 -0.1217
-0.1447 -0.1214
-0.1451 -0.1218
-0.1519 -0.1215
-0.1523 -0.1219
-0.1560 -0.1217
-0.1564 -0.1222
-0.1600 -0.1220
-0.1604 -0.1224
-0.1745 -0.1217
-0.1750 -0.1212
-0.1768 -0.1211
-0.1773 -0.1206
-0.1791 -0.1205
-0.1796 -0.1200
-0.1805 -0.1200
-0.1810 -0.1195
-0.1815 -0.1195
-0.1830 -0.1180
-0.1841 -0.1069
-0.1837 -0.1065
-0.1841 -0.1021
-0.1837 -0.1016
-0.1841 -0.0982
-0.1837 -0.0977
-0.1840 -0.0948
-0.1836 -0.0943
-0.1840 -0.0903
-0.1835 -0.0899
-0.1837 -0.0884
-0.1833 -0.0879
-0.1836 -0.0844
-0.1832 -0.0839
-0.1834 -0.0819
-0.1830 -0.0814
-0.1833 -0.0784
-0.1829 -0.0779
-0.1832 -0.0749
-0.1827 -0.0744
-0.1831 -0.0708
-0.1827 -0.0704
-0.1830 -0.0668
-0.1826 -0.0663
-0.1829 -0.0632
-0.1825 -0.0627
-0.1827 -0.0606
-0.1823 -0.0601
-0.1824 -0.0586
-0.1820 -0.0581
-0.1826 -0.0513
-0.1822 -0.0508
-0.1829 -0.0439
-0.1825 -0.0434
-0.1828 -0.0402
-0.1823 -0.0397
-0.1826 -0.0365
-0.1822 -0.0360
-0.1825 -0.0328
-0.1821 -0.0323
-0.1824 -0.0285
-0.1820 -0.0280
-0.1823 -0.0252
-0.1818 -0.0247
-0.1822 -0.0204
-0.1818 -0.0198
-0.1822 -0.0154
-0.1818 -0.0149
-0.1821 -0.0116
-0.1817 -0.0110
-0.1820 -0.0077
-0.1815 -0.0072
-0.1824 0.0018
-0.1819 0.0023
-0.1832 0.0160
-0.1827 0.0166
-0.1828 0.0172
-0.1823 0.0177
-0.1824 0.0183
-0.1811 0.0200
-0.1806 0.0199
-0.1797 0.0210
-0.1792 0.0210
-0.1783 0.0221
-0.1778 0.0221
-0.1764 0.0238
-0.1759 0.0238
-0.1745 0.0254
-0.1740 0.0254
-0.1731 0.0265
-0.1726 0.0265
-0.1713 0.0282
-0.1708 0.0282
-0.1667 0.0333
-0.1667 0.0338
-0.1653 0.0355
-0.1654 0.0361
-0.1644 0.0373
-0.1645 0.0379
-0.1636 0.0390
-0.1637 0.0402
-0.1627 0.0413
-0.1628 0.0425
-0.1624 0.0431
-0.1624 0.0437
-0.1620 0.0443
-0.1621 0.0461
-0.1616 0.0467
-0.1620 0.0515
-0.1615 0.0521
-0.1621 0.0527
-0.1616 0.0533
-0.1618 0.0557
-0.1624 0.0563
-0.1627 0.0606
-0.1633 0.0612
-0.1634 0.0631
-0.1640 0.0637
-0.1641 0.0649
-0.1646 0.0656
-0.1647 0.0668
-0.1653 0.0674
-0.1654 0.0687
-0.1659 0.0693
-0.1660 0.0699
-0.1666 0.0706
-0.1667 0.0718
-0.1678 0.0731
-0.1678 0.0737
-0.1690 0.0750
-0.1690 0.0756
-0.1707 0.0776
-0.1708 0.0782
-0.1765 0.0847
-0.1771 0.0847
-0.1782 0.0860
-0.1787 0.0861
-0.1793 0.0867
-0.1798 0.0868
-0.1804 0.0874
-0.1809 0.0874
-0.1832 0.0901
-0.1833 0.0907
-0.1839 0.0913
-0.1834 0.0920
-0.1840 0.0926
-0.1844 0.0971
-0.1839 0.0977
-0.1847 0.1067
-0.1842 0.1073
-0.1850 0.1158
-0.1845 0.1164
-0.1852 0.1244
-0.1847 0.1250
-0.1852 0.1303
-0.1847 0.1310
-0.1849 0.1336
-0.1845 0.1343
-0.1848 0.1383
-0.1843 0.1390
-0.1848 0.1444
-0.1843 0.1450
-0.1838 0.1450
-0.1833 0.1457
-0.1806 0.1456
-0.1801 0.1462
-0.1621 0.1455
-0.1617 0.1461
-0.1595 0.1460
-0.1589 0.1453
-0.1262 0.1439
-0.1257 0.1446
-0.1077 0.1438
-0.1072 0.1445
-0.0798 0.1433
-0.0793 0.1440
-0.0738 0.1437
-0.0733 0.1444
-0.0678 0.1442
-0.0673 0.1448
-0.0612 0.1446
-0.0607 0.1452
-0.0547 0.1450
-0.0541 0.1456
-0.0475 0.1454
-0.0470 0.1460
-0.0382 0.1457
-0.0376 0.1463
-0.0068 0.1450
-0.0062 0.1457
0.0037 0.1453
0.0043 0.1459
0.0314 0.1448
0.0319 0.1454
0.0325 0.1447
0.0341 0.1447
0.0347 0.1453
0.0591 0.1443
0.0597 0.1450
0.0602 0.1449
0.0607 0.1442
0.0619 0.1442
0.0625 0.1448
0.0630 0.1441
0.0635 0.1441
0.0641 0.1448
0.0774 0.1442
0.0780 0.1449
0.0892 0.1444
0.0898 0.1451
0.0970 0.1448
0.0976 0.1454
0.1099 0.1449
0.1105 0.1456
0.1300 0.1448
0.1306 0.1454
0.1312 0.1454
0.1317 0.1447
0.1350 0.1445
0.1357 0.1452
0.1361 0.1445
0.1445 0.1441
0.1450 0.1434
0.1472 0.1433
0.1477 0.1426
