Boundary height (m): 0.0200

Boundary (x, y) points transformed on the world xy plane (m):
0.0759 -0.0510
0.0737 -0.0510
0.0730 -0.0519
0.0715 -0.0519
0.0707 -0.0528
0.0693 -0.0528
0.0685 -0.0536
0.0678 -0.0537
0.0671 -0.0545
0.0656 -0.0546
0.0641 -0.0562
0.0634 -0.0563
0.0626 -0.0571
0.0612 -0.0572
0.0604 -0.0580
0.0590 -0.0580
0.0582 -0.0589
0.0568 -0.0589
0.0560 -0.0598
0.0553 -0.0598
0.0546 -0.0606
0.0538 -0.0606
0.0531 -0.0615
0.0524 -0.0615
0.0516 -0.0623
0.0509 -0.0624
0.0502 -0.0632
0.0487 -0.0632
0.0480 -0.0641
0.0465 -0.0641
0.0458 -0.0649
0.0443 -0.0650
0.0436 -0.0658
0.0429 -0.0658
0.0421 -0.0667
0.0414 -0.0667
0.0392 -0.0692
0.0393 -0.0708
0.0407 -0.0724
0.0408 -0.0732
0.0415 -0.0740
0.0415 -0.0764
0.0430 -0.0780
0.0430 -0.0796
0.0445 -0.0811
0.0445 -0.0819
0.0459 -0.0835
0.0460 -0.0843
0.0467 -0.0851
0.0467 -0.0859
0.0482 -0.0874
0.0482 -0.0882
0.0489 -0.0890
0.0489 -0.0898
0.0496 -0.0905
0.0496 -0.0913
0.0504 -0.0921
0.0504 -0.0929
0.0518 -0.0944
0.0518 -0.0960
0.0533 -0.0976
0.0533 -0.0991
0.0547 -0.1007
0.0547 -0.1015
0.0555 -0.1022
0.0555 -0.1030
0.0584 -0.1061
0.0591 -0.1060
0.0598 -0.1052
0.0612 -0.1052
0.0619 -0.1044
0.0634 -0.1044
0.0641 -0.1036
0.0648 -0.1035
0.0655 -0.1027
0.0670 -0.1027
0.0677 -0.1019
0.0684 -0.1019
0.0692 -0.1011
0.0699 -0.1011
0.0706 -0.1002
0.0713 -0.1002
0.0720 -0.0994
0.0728 -0.0994
0.0735 -0.0986
0.0749 -0.0986
0.0757 -0.0977
0.0771 -0.0977
0.0778 -0.0969
0.0786 -0.0969
0.0793 -0.0961
0.0800 -0.0961
0.0807 -0.0952
0.0822 -0.0952
0.0829 -0.0944
0.0836 -0.0944
0.0844 -0.0936
0.0851 -0.0935
0.0858 -0.0927
0.0873 -0.0927
0.0880 -0.0919
0.0895 -0.0918
0.0902 -0.0910
0.0909 -0.0910
0.0917 -0.0902
0.0931 -0.0901
0.0939 -0.0893
0.0939 -0.0877
0.0946 -0.0869
0.0939 -0.0861
0.0939 -0.0853
0.0932 -0.0846
0.0932 -0.0838
0.0925 -0.0830
0.0925 -0.0822
0.0911 -0.0806
0.0911 -0.0790
0.0904 -0.0782
0.0904 -0.0774
0.0889 -0.0759
0.0890 -0.0750
0.0875 -0.0735
0.0875 -0.0727
0.0868 -0.0719
0.0868 -0.0711
0.0861 -0.0703
0.0861 -0.0695
0.0854 -0.0687
0.0854 -0.0679
0.0839 -0.0663
0.0839 -0.0655
0.0832 -0.0647
0.0832 -0.0639
0.0817 -0.0623
0.0818 -0.0606
0.0803 -0.0590
0.0803 -0.0582
0.0796 -0.0574
0.0796 -0.0566
0.0789 -0.0558
0.0789 -0.0550
0.0781 -0.0542
0.0781 -0.0534
0.0759 -0.0510
