Boundary height (m): 0.0200

Boundary (x, y) points transformed on the world xy plane (m):
0.1296 0.0881
0.1280 0.0880
0.1265 0.0898
0.1241 0.0898
0.1192 0.0839
0.1192 0.0830
0.1168 0.0801
0.1168 0.0792
0.1135 0.0754
0.1135 0.0744
0.1103 0.0706
0.1103 0.0697
0.1079 0.0668
0.1078 0.0659
0.1054 0.0631
0.1054 0.0622
0.1038 0.0603
0.1038 0.0593
0.1006 0.0556
0.1006 0.0547
0.0974 0.0509
0.0974 0.0500
0.0951 0.0472
0.0951 0.0463
0.0927 0.0435
0.0927 0.0426
0.0919 0.0417
0.0919 0.0408
0.0895 0.0380
0.0895 0.0371
0.0872 0.0344
0.0872 0.0335
0.0848 0.0307
0.0848 0.0298
0.0841 0.0289
0.0863 0.0263
0.0871 0.0264
0.0886 0.0246
0.0894 0.0247
0.0901 0.0238
0.0909 0.0238
0.0917 0.0247
0.0924 0.0248
0.0932 0.0257
0.0932 0.0266
0.0964 0.0302
0.0964 0.0311
0.0987 0.0339
0.0987 0.0348
0.1011 0.0375
0.1011 0.0384
0.1027 0.0403
0.1027 0.0412
0.1051 0.0440
0.1051 0.0449
0.1083 0.0486
0.1083 0.0495
0.1115 0.0532
0.1115 0.0542
0.1147 0.0579
0.1147 0.0588
0.1171 0.0617
0.1171 0.0626
0.1179 0.0635
0.1180 0.0644
0.1204 0.0673
0.1204 0.0682
0.1228 0.0711
0.1229 0.0720
0.1261 0.0758
0.1261 0.0768
0.1294 0.0806
0.1294 0.0815
0.1311 0.0835
0.1311 0.0863
0.1296 0.0881
