Boundary height (m): 0.0200

Boundary (x, y) points transformed on the world xy plane (m):
-0.0547 0.0554
-0.0547 0.0545
-0.0561 0.0527
-0.0560 0.0518
-0.0575 0.0499
-0.0574 0.0481
-0.0581 0.0472
-0.0580 0.0463
-0.0587 0.0454
-0.0587 0.0445
-0.0594 0.0435
-0.0593 0.0417
-0.0600 0.0408
-0.0599 0.0381
-0.0606 0.0372
-0.0604 0.0346
-0.0611 0.0337
-0.0605 0.0231
-0.0597 0.0222
-0.0597 0.0213
-0.0589 0.0205
-0.0581 0.0205
-0.0573 0.0197
-0.0520 0.0198
-0.0499 0.0225
-0.0501 0.0269
-0.0494 0.0279
-0.0496 0.0314
-0.0489 0.0323
-0.0490 0.0341
-0.0483 0.0350
-0.0485 0.0386
-0.0478 0.0395
-0.0478 0.0413
-0.0471 0.0422
-0.0472 0.0440
-0.0458 0.0458
-0.0458 0.0467
-0.0437 0.0495
-0.0437 0.0504
-0.0408 0.0541
-0.0400 0.0541
-0.0371 0.0579
-0.0364 0.0579
-0.0342 0.0607
-0.0334 0.0607
-0.0327 0.0617
-0.0319 0.0617
-0.0312 0.0627
-0.0304 0.0627
-0.0297 0.0636
-0.0281 0.0637
-0.0266 0.0646
-0.0251 0.0647
-0.0244 0.0656
-0.0220 0.0657
-0.0213 0.0667
-0.0167 0.0668
-0.0159 0.0678
-0.0059 0.0682
-0.0051 0.0673
-0.0004 0.0674
0.0004 0.0666
0.0027 0.0666
0.0035 0.0658
0.0051 0.0658
0.0059 0.0649
0.0074 0.0650
0.0082 0.0641
0.0090 0.0641
0.0098 0.0632
0.0113 0.0633
0.0121 0.0624
0.0137 0.0625
0.0152 0.0607
0.0160 0.0607
0.0168 0.0598
0.0176 0.0599
0.0192 0.0581
0.0199 0.0581
0.0207 0.0573
0.0215 0.0573
0.0231 0.0555
0.0239 0.0555
0.0309 0.0467
0.0310 0.0458
0.0317 0.0450
0.0318 0.0441
0.0333 0.0423
0.0333 0.0414
0.0341 0.0406
0.0341 0.0397
0.0349 0.0388
0.0349 0.0370
0.0357 0.0361
0.0358 0.0326
0.0365 0.0317
0.0367 0.0185
0.0359 0.0176
0.0360 0.0158
0.0352 0.0149
0.0352 0.0140
0.0345 0.0131
0.0345 0.0123
0.0337 0.0114
0.0338 0.0105
0.0249 -0.0002
0.0241 -0.0003
0.0234 -0.0011
0.0226 -0.0012
0.0219 -0.0021
0.0211 -0.0021
0.0204 -0.0030
0.0196 -0.0030
0.0189 -0.0039
0.0167 -0.0039
0.0159 -0.0048
0.0144 -0.0049
0.0137 -0.0058
0.0122 -0.0058
0.0115 -0.0067
0.0100 -0.0067
0.0092 -0.0076
0.0070 -0.0077
0.0063 -0.0086
0.0048 -0.0086
0.0040 -0.0095
0.0033 -0.0095
0.0019 -0.0113
0.0020 -0.0164
0.0028 -0.0172
0.0028 -0.0181
0.0051 -0.0205
0.0081 -0.0204
0.0088 -0.0196
0.0103 -0.0195
0.0110 -0.0187
0.0125 -0.0186
0.0132 -0.0177
0.0155 -0.0177
0.0162 -0.0168
0.0184 -0.0167
0.0192 -0.0158
0.0207 -0.0158
0.0214 -0.0149
0.0229 -0.0149
0.0236 -0.0140
0.0244 -0.0140
0.0251 -0.0131
0.0266 -0.0131
0.0273 -0.0122
0.0281 -0.0121
0.0288 -0.0113
0.0296 -0.0112
0.0310 -0.0095
0.0318 -0.0095
0.0340 -0.0068
0.0348 -0.0068
0.0422 0.0021
0.0422 0.0029
0.0444 0.0056
0.0444 0.0065
0.0452 0.0074
0.0452 0.0082
0.0459 0.0091
0.0459 0.0100
0.0466 0.0109
0.0466 0.0118
0.0474 0.0127
0.0474 0.0144
0.0481 0.0153
0.0481 0.0188
0.0489 0.0198
0.0488 0.0250
0.0496 0.0260
0.0496 0.0304
0.0488 0.0313
0.0488 0.0348
0.0480 0.0357
0.0480 0.0366
0.0472 0.0374
0.0472 0.0383
0.0464 0.0392
0.0464 0.0410
0.0456 0.0419
0.0456 0.0428
0.0448 0.0436
0.0448 0.0445
0.0441 0.0454
0.0441 0.0463
0.0433 0.0472
0.0433 0.0481
0.0425 0.0490
0.0425 0.0499
0.0401 0.0525
0.0401 0.0534
0.0385 0.0561
0.0385 0.0570
0.0299 0.0667
0.0291 0.0667
0.0267 0.0694
0.0252 0.0693
0.0228 0.0720
0.0220 0.0720
0.0212 0.0729
0.0197 0.0728
0.0189 0.0737
0.0181 0.0737
0.0173 0.0746
0.0157 0.0745
0.0149 0.0754
0.0134 0.0753
0.0126 0.0762
0.0110 0.0762
0.0102 0.0771
0.0087 0.0770
0.0079 0.0779
0.0063 0.0778
0.0055 0.0787
0.0024 0.0786
0.0016 0.0795
-0.0039 0.0793
-0.0047 0.0802
-0.0171 0.0797
-0.0179 0.0788
-0.0225 0.0786
-0.0233 0.0777
-0.0256 0.0776
-0.0264 0.0766
-0.0279 0.0766
-0.0286 0.0756
-0.0294 0.0756
-0.0302 0.0746
-0.0317 0.0746
-0.0324 0.0736
-0.0332 0.0736
-0.0339 0.0726
-0.0363 0.0726
-0.0377 0.0707
-0.0385 0.0706
-0.0400 0.0687
-0.0407 0.0687
-0.0415 0.0678
-0.0422 0.0677
-0.0430 0.0668
-0.0437 0.0668
-0.0460 0.0649
-0.0467 0.0648
-0.0482 0.0629
-0.0489 0.0629
-0.0547 0.0554
