Boundary height (m): 0.0200

Boundary (x, y) points transformed on the world xy plane (m):
-0.0739 -0.0389
-0.0773 -0.0432
-0.0772 -0.0440
-0.0792 -0.0465
-0.0791 -0.0490
-0.0797 -0.0498
-0.0795 -0.0531
-0.0787 -0.0539
-0.0786 -0.0564
-0.0778 -0.0572
-0.0777 -0.0580
-0.0770 -0.0588
-0.0769 -0.0596
-0.0707 -0.0659
-0.0700 -0.0659
-0.0692 -0.0667
-0.0677 -0.0666
-0.0670 -0.0674
-0.0648 -0.0673
-0.0640 -0.0681
-0.0554 -0.0679
-0.0547 -0.0670
-0.0540 -0.0670
-0.0533 -0.0662
-0.0526 -0.0662
-0.0471 -0.0595
-0.0471 -0.0587
-0.0465 -0.0579
-0.0465 -0.0562
-0.0459 -0.0554
-0.0462 -0.0480
-0.0478 -0.0464
-0.0478 -0.0456
-0.0486 -0.0448
-0.0487 -0.0440
-0.0541 -0.0383
-0.0548 -0.0383
-0.0564 -0.0367
-0.0571 -0.0368
-0.0579 -0.0359
-0.0601 -0.0360
-0.0609 -0.0352
-0.0668 -0.0354
-0.0674 -0.0362
-0.0696 -0.0363
-0.0703 -0.0372
-0.0711 -0.0372
-0.0717 -0.0380
-0.0725 -0.0381
-0.0732 -0.0389
-0.0739 -0.0389
