Boundary height (m): 0.0200

Boundary (x, y) points transformed on the world xy plane (m):
0.1402 0.0282
0.1348 0.0280
0.1332 0.0262
0.1332 0.0253
0.1324 0.0244
0.1322 0.0182
0.1314 0.0173
0.1312 0.0111
0.1304 0.0102
0.1303 0.0058
0.1295 0.0049
0.1292 -0.0029
0.1285 -0.0038
0.1282 -0.0132
0.1274 -0.0141
0.1272 -0.0209
0.1264 -0.0218
0.1261 -0.0336
0.1253 -0.0345
0.1251 -0.0412
0.1243 -0.0421
0.1243 -0.0437
0.1250 -0.0445
0.1250 -0.0454
0.1257 -0.0462
0.1279 -0.0461
0.1287 -0.0469
0.1331 -0.0468
0.1339 -0.0459
0.1339 -0.0451
0.1347 -0.0442
0.1350 -0.0367
0.1357 -0.0359
0.1361 -0.0249
0.1369 -0.0240
0.1371 -0.0172
0.1379 -0.0163
0.1381 -0.0103
0.1389 -0.0095
0.1391 -0.0025
0.1399 -0.0017
0.1403 0.0088
0.1411 0.0097
0.1414 0.0176
0.1422 0.0185
0.1425 0.0265
0.1417 0.0273
0.1409 0.0273
0.1402 0.0282
