Boundary height (m): 0.0200

Boundary (x, y) points transformed on the world xy plane (m):
-0.1272 0.1169
-0.1258 0.1189
-0.1235 0.1190
-0.1220 0.1200
-0.1173 0.1202
-0.1164 0.1193
-0.0999 0.1199
-0.0991 0.1190
-0.0897 0.1194
-0.0888 0.1184
-0.0872 0.1185
-0.0865 0.1195
-0.0857 0.1186
-0.0778 0.1189
-0.0770 0.1180
-0.0691 0.1183
-0.0684 0.1193
-0.0652 0.1194
-0.0644 0.1185
-0.0581 0.1187
-0.0572 0.1178
-0.0533 0.1180
-0.0526 0.1189
-0.0471 0.1192
-0.0462 0.1182
-0.0360 0.1186
-0.0351 0.1177
-0.0344 0.1187
-0.0336 0.1187
-0.0328 0.1178
-0.0320 0.1178
-0.0312 0.1188
-0.0304 0.1189
-0.0296 0.1179
-0.0185 0.1184
-0.0178 0.1194
-0.0170 0.1184
-0.0138 0.1186
-0.0130 0.1196
0.0235 0.1210
0.0243 0.1201
0.0402 0.1207
0.0410 0.1198
0.0418 0.1208
0.0426 0.1208
0.0434 0.1199
0.0745 0.1211
0.0753 0.1202
0.0937 0.1209
0.0945 0.1200
0.1266 0.1213
0.1273 0.1203
0.1282 0.1213
0.1443 0.1220
0.1450 0.1211
0.1459 0.1221
0.1539 0.1224
0.1547 0.1214
0.1603 0.1217
0.1612 0.1227
0.1693 0.1230
0.1700 0.1220
0.1765 0.1223
0.1773 0.1214
0.1781 0.1214
0.1789 0.1224
0.1797 0.1215
0.1902 0.1219
0.1909 0.1209
0.1942 0.1211
0.1949 0.1201
0.1966 0.1202
0.1973 0.1193
0.1971 0.1164
0.1979 0.1154
0.1975 0.1087
0.1982 0.1078
0.1974 0.0944
0.1982 0.0935
0.1978 0.0869
0.1985 0.0860
0.1983 0.0813
0.1990 0.0804
0.1983 0.0683
0.1990 0.0674
0.1985 0.0591
0.1992 0.0582
0.1992 0.0573
0.1983 0.0564
0.1983 0.0554
0.1990 0.0546
0.1987 0.0491
0.1978 0.0481
0.1977 0.0463
0.1969 0.0454
0.1967 0.0418
0.1958 0.0408
0.1957 0.0390
0.1949 0.0381
0.1947 0.0345
0.1939 0.0336
0.1938 0.0327
0.1930 0.0318
0.1929 0.0309
0.1921 0.0300
0.1913 0.0299
0.1880 0.0263
0.1872 0.0262
0.1864 0.0253
0.1856 0.0253
0.1848 0.0244
0.1840 0.0243
0.1832 0.0234
0.1824 0.0234
0.1792 0.0197
0.1784 0.0197
0.1751 0.0161
0.1748 0.0091
0.1791 0.0040
0.1798 0.0040
0.1813 0.0023
0.1821 0.0023
0.1835 0.0006
0.1843 0.0006
0.1850 -0.0002
0.1857 -0.0002
0.1879 -0.0027
0.1887 -0.0027
0.1894 -0.0035
0.1909 -0.0035
0.1916 -0.0043
0.1924 -0.0043
0.1931 -0.0051
0.1930 -0.0060
0.1952 -0.0085
0.1951 -0.0094
0.1958 -0.0102
0.1958 -0.0111
0.1965 -0.0119
0.1964 -0.0136
0.1956 -0.0145
0.1953 -0.0188
0.1945 -0.0197
0.1944 -0.0205
0.1920 -0.0232
0.1920 -0.0240
0.1895 -0.0266
0.1888 -0.0266
0.1872 -0.0284
0.1864 -0.0284
0.1856 -0.0293
0.1849 -0.0293
0.1840 -0.0302
0.1833 -0.0302
0.1777 -0.0363
0.1772 -0.0463
0.1779 -0.0471
0.1774 -0.0554
0.1766 -0.0562
0.1765 -0.0579
0.1772 -0.0587
0.1765 -0.0595
0.1763 -0.0620
0.1770 -0.0628
0.1764 -0.0742
0.1771 -0.0742
0.1770 -0.0766
0.1777 -0.0774
0.1774 -0.0830
0.1781 -0.0838
0.1772 -0.0998
0.1779 -0.1005
0.1778 -0.1021
0.1785 -0.1029
0.1783 -0.1068
0.1790 -0.1076
0.1788 -0.1099
0.1781 -0.1107
0.1777 -0.1178
0.1784 -0.1185
0.1780 -0.1239
0.1787 -0.1247
0.1783 -0.1324
0.1775 -0.1332
0.1774 -0.1362
0.1766 -0.1370
0.1765 -0.1385
0.1751 -0.1386
0.1743 -0.1393
0.1672 -0.1395
0.1665 -0.1388
0.1608 -0.1389
0.1601 -0.1382
0.1593 -0.1390
0.1529 -0.1391
0.1522 -0.1384
0.1508 -0.1384
0.1501 -0.1377
0.1494 -0.1377
0.1480 -0.1362
0.1473 -0.1362
0.1446 -0.1332
0.1439 -0.1332
0.1404 -0.1295
0.1397 -0.1295
0.1363 -0.1258
0.1356 -0.1258
0.1356 -0.1250
0.1342 -0.1235
0.1335 -0.1235
0.1307 -0.1205
0.1300 -0.1205
0.1286 -0.1190
0.1279 -0.1190
0.1272 -0.1183
0.1229 -0.1184
0.1207 -0.1208
0.1199 -0.1208
0.1177 -0.1232
0.1170 -0.1232
0.1148 -0.1255
0.1141 -0.1256
0.1119 -0.1279
0.1112 -0.1279
0.1104 -0.1287
0.1097 -0.1287
0.1083 -0.1303
0.1075 -0.1303
0.1046 -0.1334
0.1039 -0.1335
0.1032 -0.1342
0.1025 -0.1343
0.1010 -0.1358
0.1003 -0.1358
0.0996 -0.1366
0.0989 -0.1366
0.0981 -0.1374
0.0974 -0.1374
0.0967 -0.1382
0.0953 -0.1382
0.0946 -0.1390
0.0932 -0.1390
0.0924 -0.1398
0.0839 -0.1400
0.0832 -0.1408
0.0790 -0.1409
0.0783 -0.1402
0.0726 -0.1403
0.0719 -0.1411
0.0712 -0.1411
0.0705 -0.1404
0.0627 -0.1405
0.0620 -0.1398
0.0606 -0.1398
0.0599 -0.1391
0.0592 -0.1399
0.0584 -0.1391
0.0351 -0.1397
0.0344 -0.1405
0.0337 -0.1397
0.0302 -0.1398
0.0295 -0.1391
0.0288 -0.1399
0.0281 -0.1391
0.0274 -0.1399
0.0253 -0.1400
0.0246 -0.1392
0.0182 -0.1394
0.0175 -0.1386
0.0161 -0.1387
0.0154 -0.1394
-0.0085 -0.1400
-0.0092 -0.1393
-0.0120 -0.1394
-0.0135 -0.1379
-0.0139 -0.1280
-0.0146 -0.1273
-0.0147 -0.1257
-0.0140 -0.1250
-0.0140 -0.1234
-0.0148 -0.1227
-0.0149 -0.1196
-0.0156 -0.1189
-0.0157 -0.1181
-0.0164 -0.1173
-0.0171 -0.1174
-0.0179 -0.1166
-0.0320 -0.1170
-0.0327 -0.1178
-0.0334 -0.1170
-0.0356 -0.1171
-0.0363 -0.1163
-0.0370 -0.1171
-0.0511 -0.1175
-0.0518 -0.1183
-0.0525 -0.1183
-0.0545 -0.1206
-0.0544 -0.1214
-0.0551 -0.1222
-0.0550 -0.1229
-0.0557 -0.1237
-0.0550 -0.1359
-0.0556 -0.1367
-0.0556 -0.1374
-0.0563 -0.1374
-0.0570 -0.1382
-0.0590 -0.1383
-0.0598 -0.1375
-0.0703 -0.1378
-0.0710 -0.1370
-0.0717 -0.1371
-0.0724 -0.1378
-0.0786 -0.1380
-0.0794 -0.1372
-0.0801 -0.1373
-0.0807 -0.1380
-0.1030 -0.1386
-0.1036 -0.1394
-0.1057 -0.1394
-0.1065 -0.1387
-0.1162 -0.1389
-0.1170 -0.1382
-0.1197 -0.1382
-0.1205 -0.1375
-0.1212 -0.1375
-0.1220 -0.1368
-0.1227 -0.1368
-0.1242 -0.1353
-0.1249 -0.1354
-0.1253 -0.1308
-0.1261 -0.1301
-0.1263 -0.1271
-0.1257 -0.1263
-0.1265 -0.1179
-0.1259 -0.1171
-0.1264 -0.1109
-0.1258 -0.1102
-0.1262 -0.1055
-0.1256 -0.1047
-0.1257 -0.1039
-0.1265 -0.1032
-0.1265 -0.1024
-0.1259 -0.1016
-0.1260 -0.1008
-0.1253 -0.1000
-0.1257 -0.0961
-0.1251 -0.0953
-0.1256 -0.0890
-0.1250 -0.0882
-0.1257 -0.0803
-0.1251 -0.0795
-0.1252 -0.0779
-0.1246 -0.0771
-0.1248 -0.0747
-0.1241 -0.0739
-0.1249 -0.0731
-0.1259 -0.0618
-0.1253 -0.0610
-0.1257 -0.0561
-0.1251 -0.0553
-0.1254 -0.0520
-0.1247 -0.0512
-0.1251 -0.0471
-0.1244 -0.0463
-0.1249 -0.0413
-0.1242 -0.0405
-0.1250 -0.0322
-0.1243 -0.0313
-0.1251 -0.0221
-0.1245 -0.0213
-0.1248 -0.0179
-0.1241 -0.0170
-0.1243 -0.0145
-0.1251 -0.0137
-0.1256 -0.0086
-0.1249 -0.0077
-0.1252 -0.0043
-0.1225 -0.0008
-0.1218 -0.0008
-0.1205 0.0010
-0.1197 0.0010
-0.1177 0.0037
-0.1170 0.0037
-0.1156 0.0055
-0.1149 0.0055
-0.1135 0.0073
-0.1128 0.0073
-0.1087 0.0127
-0.1088 0.0135
-0.1074 0.0153
-0.1075 0.0162
-0.1062 0.0180
-0.1062 0.0189
-0.1055 0.0198
-0.1057 0.0224
-0.1051 0.0233
-0.1051 0.0242
-0.1044 0.0251
-0.1048 0.0295
-0.1041 0.0304
-0.1043 0.0330
-0.1051 0.0339
-0.1053 0.0365
-0.1062 0.0374
-0.1064 0.0410
-0.1073 0.0418
-0.1074 0.0436
-0.1082 0.0445
-0.1083 0.0454
-0.1091 0.0462
-0.1092 0.0471
-0.1100 0.0480
-0.1101 0.0489
-0.1109 0.0498
-0.1110 0.0507
-0.1127 0.0524
-0.1127 0.0533
-0.1228 0.0638
-0.1235 0.0638
-0.1252 0.0656
-0.1253 0.0665
-0.1261 0.0674
-0.1267 0.0738
-0.1260 0.0747
-0.1263 0.0784
-0.1271 0.0793
-0.1274 0.0821
-0.1267 0.0830
-0.1274 0.0914
-0.1267 0.0923
-0.1274 0.1008
-0.1267 0.1017
-0.1275 0.1112
-0.1268 0.1121
-0.1272 0.1169
