Boundary height (mm): 20.0

Boundary (x, y) points transformed on the world xy plane (m):
-0.0310 -0.0676
-0.0316 -0.0671
-0.0321 -0.0671
-0.0326 -0.0665
-0.0346 -0.0665
-0.0352 -0.0660
-0.0377 -0.0659
-0.0382 -0.0654
-0.0408 -0.0654
-0.0413 -0.0648
-0.0438 -0.0648
-0.0444 -0.0642
-0.0469 -0.0642
-0.0474 -0.0637
-0.0500 -0.0636
-0.0505 -0.0631
-0.0531 -0.0630
-0.0536 -0.0625
-0.0541 -0.0625
-0.0552 -0.0614
-0.0552 -0.0609
-0.0563 -0.0598
-0.0563 -0.0593
-0.0568 -0.0588
-0.0569 -0.0582
-0.0574 -0.0577
-0.0574 -0.0572
-0.0580 -0.0566
-0.0580 -0.0561
-0.0585 -0.0556
-0.0586 -0.0550
-0.0591 -0.0545
-0.0591 -0.0540
-0.0597 -0.0534
-0.0597 -0.0529
-0.0602 -0.0524
-0.0603 -0.0518
-0.0608 -0.0513
-0.0608 -0.0508
-0.0614 -0.0502
-0.0614 -0.0497
-0.0625 -0.0486
-0.0626 -0.0475
-0.0636 -0.0464
-0.0637 -0.0454
-0.0642 -0.0448
-0.0643 -0.0443
-0.0648 -0.0437
-0.0649 -0.0432
-0.0654 -0.0427
-0.0659 -0.0427
-0.0674 -0.0442
-0.0673 -0.0448
-0.0683 -0.0458
-0.0683 -0.0464
-0.0687 -0.0469
-0.0687 -0.0474
-0.0697 -0.0485
-0.0696 -0.0495
-0.0701 -0.0501
-0.0700 -0.0506
-0.0710 -0.0516
-0.0710 -0.0522
-0.0715 -0.0527
-0.0714 -0.0532
-0.0719 -0.0537
-0.0719 -0.0543
-0.0728 -0.0553
-0.0728 -0.0564
-0.0737 -0.0574
-0.0737 -0.0579
-0.0742 -0.0585
-0.0741 -0.0590
-0.0746 -0.0595
-0.0746 -0.0600
-0.0750 -0.0606
-0.0750 -0.0611
-0.0760 -0.0621
-0.0759 -0.0626
-0.0769 -0.0637
-0.0779 -0.0637
-0.0784 -0.0642
-0.0794 -0.0642
-0.0799 -0.0647
-0.0804 -0.0647
-0.0808 -0.0652
-0.0819 -0.0652
-0.0823 -0.0657
-0.0833 -0.0657
-0.0838 -0.0662
-0.0848 -0.0662
-0.0853 -0.0667
-0.0863 -0.0667
-0.0868 -0.0672
-0.0878 -0.0672
-0.0883 -0.0677
-0.0888 -0.0677
-0.0893 -0.0682
-0.0908 -0.0682
-0.0913 -0.0687
-0.0923 -0.0687
-0.0927 -0.0692
-0.0938 -0.0691
-0.0942 -0.0697
-0.0952 -0.0696
-0.0957 -0.0702
-0.0967 -0.0701
-0.0981 -0.0717
-0.0981 -0.0722
-0.0964 -0.0738
-0.0959 -0.0738
-0.0949 -0.0749
-0.0943 -0.0749
-0.0938 -0.0754
-0.0933 -0.0754
-0.0928 -0.0759
-0.0923 -0.0759
-0.0917 -0.0765
-0.0912 -0.0765
-0.0901 -0.0775
-0.0896 -0.0775
-0.0891 -0.0781
-0.0886 -0.0781
-0.0880 -0.0786
-0.0875 -0.0786
-0.0870 -0.0791
-0.0865 -0.0791
-0.0859 -0.0797
-0.0854 -0.0797
-0.0849 -0.0802
-0.0844 -0.0802
-0.0833 -0.0813
-0.0828 -0.0813
-0.0823 -0.0818
-0.0818 -0.0818
-0.0812 -0.0823
-0.0807 -0.0823
-0.0802 -0.0829
-0.0797 -0.0829
-0.0786 -0.0839
-0.0781 -0.0839
-0.0780 -0.0850
-0.0785 -0.0855
-0.0785 -0.0860
-0.0789 -0.0865
-0.0789 -0.0875
-0.0798 -0.0885
-0.0798 -0.0890
-0.0803 -0.0895
-0.0802 -0.0901
-0.0807 -0.0906
-0.0807 -0.0911
-0.0811 -0.0916
-0.0811 -0.0921
-0.0820 -0.0931
-0.0820 -0.0936
-0.0825 -0.0941
-0.0824 -0.0946
-0.0829 -0.0951
-0.0828 -0.0956
-0.0838 -0.0966
-0.0837 -0.0971
-0.0842 -0.0976
-0.0842 -0.0982
-0.0846 -0.0987
-0.0846 -0.0992
-0.0855 -0.1002
-0.0855 -0.1007
-0.0860 -0.1012
-0.0859 -0.1017
-0.0869 -0.1027
-0.0868 -0.1032
-0.0873 -0.1037
-0.0873 -0.1042
-0.0891 -0.1062
-0.0890 -0.1077
-0.0885 -0.1082
-0.0865 -0.1082
-0.0860 -0.1077
-0.0830 -0.1078
-0.0826 -0.1073
-0.0791 -0.1073
-0.0786 -0.1068
-0.0756 -0.1069
-0.0752 -0.1064
-0.0722 -0.1064
-0.0717 -0.1060
-0.0682 -0.1060
-0.0678 -0.1055
-0.0638 -0.1056
-0.0633 -0.1051
-0.0598 -0.1051
-0.0593 -0.1046
-0.0554 -0.1047
-0.0549 -0.1042
-0.0509 -0.1043
-0.0504 -0.1038
-0.0479 -0.1038
-0.0475 -0.1033
-0.0440 -0.1034
-0.0435 -0.1029
-0.0405 -0.1029
-0.0400 -0.1024
-0.0390 -0.1025
-0.0386 -0.1020
-0.0386 -0.1015
-0.0412 -0.0989
-0.0412 -0.0984
-0.0418 -0.0979
-0.0418 -0.0973
-0.0423 -0.0968
-0.0423 -0.0958
-0.0434 -0.0948
-0.0434 -0.0943
-0.0439 -0.0937
-0.0440 -0.0932
-0.0445 -0.0927
-0.0445 -0.0917
-0.0456 -0.0907
-0.0456 -0.0901
-0.0462 -0.0896
-0.0462 -0.0891
-0.0467 -0.0886
-0.0467 -0.0881
-0.0473 -0.0875
-0.0473 -0.0870
-0.0478 -0.0865
-0.0478 -0.0860
-0.0484 -0.0855
-0.0484 -0.0850
-0.0489 -0.0844
-0.0489 -0.0839
-0.0495 -0.0834
-0.0495 -0.0829
-0.0500 -0.0824
-0.0501 -0.0808
-0.0496 -0.0803
-0.0491 -0.0803
-0.0482 -0.0793
-0.0477 -0.0793
-0.0467 -0.0783
-0.0462 -0.0783
-0.0457 -0.0778
-0.0452 -0.0778
-0.0443 -0.0768
-0.0438 -0.0768
-0.0433 -0.0763
-0.0428 -0.0763
-0.0418 -0.0753
-0.0413 -0.0753
-0.0408 -0.0747
-0.0403 -0.0748
-0.0394 -0.0737
-0.0389 -0.0737
-0.0379 -0.0727
-0.0374 -0.0727
-0.0369 -0.0722
-0.0364 -0.0722
-0.0354 -0.0712
-0.0349 -0.0712
-0.0344 -0.0707
-0.0339 -0.0707
-0.0330 -0.0697
-0.0325 -0.0697
-0.0310 -0.0681
-0.0310 -0.0676
