Boundary height (mm): 20.0

Boundary (x, y) points transformed on the world xy plane (m):
-0.0346 0.0179
-0.0344 0.0129
-0.0338 0.0123
-0.0338 0.0117
-0.0333 0.0111
-0.0332 0.0106
-0.0310 0.0083
-0.0305 0.0083
-0.0294 0.0071
-0.0289 0.0071
-0.0284 0.0066
-0.0278 0.0065
-0.0273 0.0060
-0.0262 0.0060
-0.0257 0.0054
-0.0241 0.0054
-0.0236 0.0048
-0.0215 0.0047
-0.0209 0.0042
-0.0042 0.0039
-0.0036 0.0044
0.0006 0.0043
0.0011 0.0049
0.0047 0.0048
0.0052 0.0054
0.0068 0.0054
0.0073 0.0059
0.0099 0.0059
0.0105 0.0064
0.0120 0.0064
0.0125 0.0069
0.0136 0.0069
0.0141 0.0075
0.0146 0.0075
0.0152 0.0080
0.0162 0.0080
0.0167 0.0085
0.0172 0.0085
0.0178 0.0091
0.0183 0.0091
0.0193 0.0102
0.0198 0.0102
0.0209 0.0113
0.0209 0.0118
0.0219 0.0130
0.0219 0.0135
0.0224 0.0141
0.0224 0.0158
0.0229 0.0163
0.0228 0.0214
0.0223 0.0220
0.0223 0.0232
0.0217 0.0237
0.0217 0.0243
0.0185 0.0278
0.0180 0.0278
0.0169 0.0290
0.0163 0.0290
0.0158 0.0296
0.0153 0.0296
0.0147 0.0302
0.0137 0.0302
0.0131 0.0308
0.0115 0.0308
0.0110 0.0314
0.0083 0.0314
0.0078 0.0320
0.0030 0.0321
0.0025 0.0327
-0.0087 0.0329
-0.0092 0.0323
-0.0124 0.0324
-0.0129 0.0318
-0.0145 0.0318
-0.0150 0.0313
-0.0171 0.0313
-0.0176 0.0307
-0.0187 0.0308
-0.0192 0.0302
-0.0208 0.0302
-0.0213 0.0297
-0.0224 0.0297
-0.0229 0.0291
-0.0239 0.0291
-0.0244 0.0286
-0.0250 0.0286
-0.0255 0.0280
-0.0260 0.0280
-0.0265 0.0275
-0.0271 0.0275
-0.0276 0.0269
-0.0281 0.0269
-0.0291 0.0258
-0.0296 0.0258
-0.0327 0.0225
-0.0327 0.0219
-0.0332 0.0213
-0.0331 0.0208
-0.0341 0.0196
-0.0341 0.0185
-0.0346 0.0179
