Boundary height (mm): 20.0

Boundary (x, y) points transformed on the world xy plane (m):
0.1168 0.0602
0.1109 0.0603
0.1103 0.0598
0.0985 0.0600
0.0980 0.0594
0.0835 0.0597
0.0829 0.0591
0.0700 0.0593
0.0700 0.0588
0.0684 0.0588
0.0679 0.0582
0.0679 0.0576
0.0673 0.0570
0.0673 0.0541
0.0679 0.0535
0.0677 0.0275
0.0683 0.0269
0.0676 0.0087
0.0687 0.0076
0.0870 0.0073
0.0876 0.0078
0.0923 0.0077
0.0933 0.0088
0.0934 0.0150
0.0929 0.0156
0.0929 0.0162
0.0935 0.0167
0.0935 0.0190
0.0930 0.0196
0.0932 0.0339
0.1017 0.0337
0.1023 0.0343
0.1177 0.0340
0.1182 0.0346
0.1184 0.0403
0.1179 0.0409
0.1181 0.0491
0.1176 0.0497
0.1178 0.0590
0.1168 0.0602
