Boundary height (m): 0.0200

Boundary (x, y) points transformed on the world xy plane (m):
-0.0749 0.1097
-0.0769 0.1083
-0.0774 0.1083
-0.0781 0.1079
-0.0787 0.1079
-0.0806 0.1065
-0.0812 0.1065
-0.0818 0.1061
-0.0824 0.1061
-0.0850 0.1042
-0.0856 0.1043
-0.0876 0.1028
-0.0877 0.1023
-0.0903 0.1004
-0.0909 0.1004
-0.0922 0.0995
-0.0923 0.0989
-0.0963 0.0960
-0.0964 0.0955
-0.0984 0.0941
-0.0985 0.0935
-0.0999 0.0926
-0.1001 0.0915
-0.1007 0.0910
-0.1010 0.0900
-0.1016 0.0895
-0.1017 0.0889
-0.1024 0.0884
-0.1026 0.0874
-0.1033 0.0869
-0.1037 0.0847
-0.1044 0.0843
-0.1045 0.0837
-0.1052 0.0832
-0.1066 0.0762
-0.1072 0.0757
-0.1078 0.0730
-0.1073 0.0725
-0.1094 0.0621
-0.1089 0.0615
-0.1091 0.0610
-0.1086 0.0604
-0.1090 0.0582
-0.1086 0.0576
-0.1087 0.0571
-0.1082 0.0565
-0.1083 0.0559
-0.1079 0.0553
-0.1080 0.0548
-0.1075 0.0542
-0.1076 0.0537
-0.1072 0.0531
-0.1066 0.0530
-0.1061 0.0524
-0.1038 0.0522
-0.1032 0.0528
-0.1014 0.0526
-0.1008 0.0531
-0.1002 0.0531
-0.0975 0.0551
-0.0980 0.0557
-0.0976 0.0573
-0.0981 0.0579
-0.0977 0.0601
-0.0981 0.0607
-0.0962 0.0704
-0.0967 0.0710
-0.0960 0.0715
-0.0948 0.0774
-0.0942 0.0779
-0.0937 0.0801
-0.0931 0.0806
-0.0930 0.0811
-0.0923 0.0816
-0.0922 0.0821
-0.0915 0.0826
-0.0913 0.0837
-0.0906 0.0842
-0.0905 0.0847
-0.0892 0.0857
-0.0891 0.0862
-0.0878 0.0872
-0.0876 0.0883
-0.0849 0.0902
-0.0848 0.0907
-0.0835 0.0917
-0.0834 0.0922
-0.0788 0.0956
-0.0782 0.0956
-0.0762 0.0970
-0.0757 0.0969
-0.0750 0.0974
-0.0745 0.0974
-0.0732 0.0983
-0.0726 0.0983
-0.0719 0.0988
-0.0714 0.0987
-0.0707 0.0992
-0.0696 0.0991
-0.0690 0.0996
-0.0684 0.0995
-0.0678 0.1000
-0.0661 0.0999
-0.0655 0.1003
-0.0638 0.1002
-0.0631 0.1007
-0.0609 0.1005
-0.0603 0.1010
-0.0520 0.1002
-0.0514 0.1007
-0.0509 0.1001
-0.0482 0.0999
-0.0477 0.0993
-0.0455 0.0991
-0.0451 0.0985
-0.0429 0.0984
-0.0424 0.0978
-0.0419 0.0977
-0.0414 0.0972
-0.0398 0.0970
-0.0393 0.0964
-0.0388 0.0964
-0.0383 0.0958
-0.0372 0.0957
-0.0368 0.0952
-0.0357 0.0951
-0.0352 0.0945
-0.0347 0.0944
-0.0342 0.0939
-0.0337 0.0938
-0.0327 0.0927
-0.0322 0.0926
-0.0317 0.0921
-0.0312 0.0920
-0.0303 0.0909
-0.0292 0.0908
-0.0283 0.0896
-0.0277 0.0896
-0.0273 0.0890
-0.0267 0.0890
-0.0263 0.0884
-0.0257 0.0883
-0.0248 0.0872
-0.0243 0.0871
-0.0229 0.0854
-0.0224 0.0854
-0.0173 0.0791
-0.0174 0.0785
-0.0160 0.0768
-0.0161 0.0763
-0.0152 0.0751
-0.0153 0.0746
-0.0144 0.0735
-0.0145 0.0729
-0.0140 0.0723
-0.0141 0.0718
-0.0136 0.0712
-0.0137 0.0707
-0.0133 0.0701
-0.0135 0.0691
-0.0130 0.0685
-0.0132 0.0674
-0.0127 0.0669
-0.0128 0.0663
-0.0123 0.0657
-0.0126 0.0641
-0.0121 0.0636
-0.0123 0.0625
-0.0119 0.0619
-0.0123 0.0593
-0.0118 0.0587
-0.0121 0.0571
-0.0116 0.0565
-0.0122 0.0533
-0.0117 0.0527
-0.0122 0.0500
-0.0128 0.0495
-0.0135 0.0452
-0.0141 0.0447
-0.0142 0.0442
-0.0138 0.0436
-0.0142 0.0442
-0.0149 0.0437
-0.0150 0.0431
-0.0156 0.0426
-0.0157 0.0421
-0.0163 0.0416
-0.0164 0.0410
-0.0171 0.0405
-0.0172 0.0400
-0.0178 0.0395
-0.0179 0.0389
-0.0192 0.0379
-0.0193 0.0374
-0.0199 0.0369
-0.0200 0.0364
-0.0213 0.0353
-0.0214 0.0348
-0.0220 0.0343
-0.0221 0.0338
-0.0273 0.0297
-0.0279 0.0298
-0.0285 0.0293
-0.0291 0.0293
-0.0297 0.0288
-0.0303 0.0288
-0.0309 0.0283
-0.0315 0.0284
-0.0328 0.0274
-0.0334 0.0274
-0.0340 0.0269
-0.0346 0.0269
-0.0352 0.0264
-0.0358 0.0265
-0.0364 0.0260
-0.0376 0.0260
-0.0382 0.0255
-0.0388 0.0256
-0.0394 0.0251
-0.0400 0.0251
-0.0407 0.0246
-0.0412 0.0246
-0.0419 0.0241
-0.0424 0.0242
-0.0431 0.0237
-0.0437 0.0237
-0.0443 0.0232
-0.0449 0.0232
-0.0462 0.0222
-0.0463 0.0216
-0.0470 0.0211
-0.0473 0.0189
-0.0469 0.0183
-0.0470 0.0178
-0.0465 0.0172
-0.0466 0.0166
-0.0461 0.0160
-0.0463 0.0149
-0.0445 0.0125
-0.0439 0.0125
-0.0434 0.0119
-0.0428 0.0124
-0.0411 0.0123
-0.0404 0.0128
-0.0398 0.0128
-0.0392 0.0133
-0.0386 0.0132
-0.0380 0.0138
-0.0374 0.0137
-0.0367 0.0142
-0.0362 0.0142
-0.0355 0.0147
-0.0350 0.0147
-0.0343 0.0152
-0.0337 0.0151
-0.0331 0.0156
-0.0320 0.0156
-0.0313 0.0161
-0.0308 0.0160
-0.0301 0.0166
-0.0295 0.0165
-0.0289 0.0170
-0.0283 0.0170
-0.0277 0.0175
-0.0271 0.0175
-0.0258 0.0185
-0.0253 0.0184
-0.0246 0.0189
-0.0240 0.0189
-0.0227 0.0199
-0.0222 0.0199
-0.0196 0.0219
-0.0190 0.0219
-0.0158 0.0244
-0.0157 0.0250
-0.0125 0.0275
-0.0124 0.0280
-0.0105 0.0296
-0.0104 0.0301
-0.0091 0.0311
-0.0090 0.0317
-0.0084 0.0322
-0.0082 0.0333
-0.0076 0.0338
-0.0075 0.0343
-0.0068 0.0348
-0.0067 0.0353
-0.0061 0.0358
-0.0060 0.0364
-0.0054 0.0369
-0.0052 0.0380
-0.0046 0.0385
-0.0045 0.0390
-0.0038 0.0395
-0.0036 0.0411
-0.0029 0.0416
-0.0026 0.0438
-0.0020 0.0443
-0.0014 0.0475
-0.0008 0.0480
-0.0013 0.0486
-0.0010 0.0502
-0.0004 0.0507
0.0002 0.0544
-0.0002 0.0550
0.0005 0.0598
0.0001 0.0604
0.0005 0.0631
0.0000 0.0636
0.0002 0.0647
-0.0002 0.0653
-0.0001 0.0664
-0.0005 0.0669
-0.0004 0.0675
-0.0014 0.0686
-0.0013 0.0691
-0.0022 0.0703
-0.0019 0.0719
-0.0024 0.0724
-0.0023 0.0730
-0.0028 0.0736
-0.0027 0.0741
-0.0031 0.0747
-0.0031 0.0752
-0.0040 0.0763
-0.0039 0.0769
-0.0048 0.0780
-0.0047 0.0785
-0.0052 0.0791
-0.0051 0.0796
-0.0060 0.0808
-0.0059 0.0813
-0.0064 0.0819
-0.0063 0.0824
-0.0076 0.0841
-0.0076 0.0846
-0.0098 0.0875
-0.0098 0.0880
-0.0175 0.0977
-0.0180 0.0978
-0.0185 0.0983
-0.0190 0.0984
-0.0195 0.0989
-0.0200 0.0990
-0.0219 0.1013
-0.0224 0.1013
-0.0233 0.1025
-0.0238 0.1025
-0.0243 0.1031
-0.0248 0.1031
-0.0257 0.1043
-0.0263 0.1043
-0.0267 0.1049
-0.0273 0.1049
-0.0277 0.1055
-0.0288 0.1056
-0.0293 0.1062
-0.0304 0.1063
-0.0308 0.1068
-0.0319 0.1069
-0.0324 0.1075
-0.0340 0.1076
-0.0345 0.1082
-0.0361 0.1083
-0.0365 0.1089
-0.0376 0.1090
-0.0381 0.1096
-0.0397 0.1097
-0.0402 0.1103
-0.0418 0.1104
-0.0423 0.1110
-0.0466 0.1114
-0.0471 0.1120
-0.0487 0.1121
-0.0494 0.1117
-0.0505 0.1118
-0.0509 0.1123
-0.0548 0.1127
-0.0554 0.1122
-0.0614 0.1128
-0.0621 0.1123
-0.0637 0.1124
-0.0644 0.1120
-0.0660 0.1121
-0.0667 0.1116
-0.0678 0.1117
-0.0685 0.1113
-0.0696 0.1114
-0.0702 0.1109
-0.0713 0.1110
-0.0720 0.1105
-0.0725 0.1106
-0.0732 0.1101
-0.0737 0.1101
-0.0744 0.1097
-0.0749 0.1097
