Boundary height (m): 0.0200

Boundary (x, y) points transformed on the world xy plane (m):
0.0269 -0.0183
0.0252 -0.0182
0.0246 -0.0187
0.0241 -0.0187
0.0234 -0.0192
0.0229 -0.0192
0.0222 -0.0197
0.0217 -0.0197
0.0210 -0.0202
0.0205 -0.0202
0.0192 -0.0212
0.0186 -0.0212
0.0180 -0.0217
0.0174 -0.0217
0.0149 -0.0238
0.0143 -0.0237
0.0137 -0.0243
0.0131 -0.0242
0.0125 -0.0247
0.0119 -0.0247
0.0113 -0.0252
0.0107 -0.0252
0.0101 -0.0257
0.0095 -0.0257
0.0089 -0.0262
0.0083 -0.0262
0.0070 -0.0272
0.0065 -0.0272
0.0045 -0.0288
0.0040 -0.0288
0.0027 -0.0298
0.0021 -0.0298
0.0014 -0.0303
0.0009 -0.0303
0.0002 -0.0308
-0.0003 -0.0308
-0.0010 -0.0313
-0.0015 -0.0313
-0.0022 -0.0318
-0.0028 -0.0318
-0.0034 -0.0323
-0.0040 -0.0323
-0.0053 -0.0333
-0.0058 -0.0333
-0.0065 -0.0338
-0.0071 -0.0338
-0.0097 -0.0359
-0.0099 -0.0376
-0.0090 -0.0389
-0.0091 -0.0394
-0.0077 -0.0413
-0.0078 -0.0418
-0.0073 -0.0424
-0.0074 -0.0430
-0.0069 -0.0436
-0.0070 -0.0442
-0.0060 -0.0454
-0.0061 -0.0460
-0.0042 -0.0484
-0.0043 -0.0490
-0.0038 -0.0496
-0.0039 -0.0502
-0.0015 -0.0532
-0.0016 -0.0538
-0.0007 -0.0550
-0.0008 -0.0556
0.0002 -0.0568
0.0001 -0.0574
0.0015 -0.0592
0.0015 -0.0598
0.0019 -0.0604
0.0018 -0.0610
0.0028 -0.0622
0.0027 -0.0628
0.0042 -0.0646
0.0041 -0.0652
0.0050 -0.0664
0.0049 -0.0670
0.0064 -0.0689
0.0063 -0.0694
0.0092 -0.0731
0.0103 -0.0732
0.0123 -0.0715
0.0128 -0.0716
0.0135 -0.0710
0.0140 -0.0710
0.0147 -0.0705
0.0153 -0.0705
0.0159 -0.0700
0.0165 -0.0700
0.0171 -0.0695
0.0177 -0.0695
0.0190 -0.0684
0.0196 -0.0684
0.0209 -0.0673
0.0214 -0.0674
0.0221 -0.0668
0.0226 -0.0669
0.0239 -0.0658
0.0245 -0.0658
0.0251 -0.0652
0.0257 -0.0653
0.0263 -0.0647
0.0269 -0.0648
0.0276 -0.0642
0.0281 -0.0643
0.0288 -0.0637
0.0293 -0.0637
0.0313 -0.0621
0.0318 -0.0621
0.0331 -0.0611
0.0337 -0.0611
0.0343 -0.0605
0.0349 -0.0606
0.0355 -0.0600
0.0361 -0.0601
0.0367 -0.0595
0.0373 -0.0596
0.0379 -0.0590
0.0385 -0.0591
0.0391 -0.0585
0.0396 -0.0585
0.0403 -0.0580
0.0408 -0.0580
0.0428 -0.0564
0.0433 -0.0564
0.0452 -0.0548
0.0453 -0.0543
0.0448 -0.0537
0.0450 -0.0525
0.0435 -0.0507
0.0436 -0.0501
0.0422 -0.0483
0.0423 -0.0478
0.0418 -0.0472
0.0419 -0.0466
0.0414 -0.0460
0.0415 -0.0454
0.0401 -0.0436
0.0401 -0.0430
0.0382 -0.0406
0.0383 -0.0401
0.0374 -0.0389
0.0375 -0.0377
0.0361 -0.0359
0.0362 -0.0354
0.0348 -0.0336
0.0348 -0.0330
0.0334 -0.0312
0.0335 -0.0307
0.0330 -0.0301
0.0331 -0.0295
0.0326 -0.0289
0.0327 -0.0283
0.0318 -0.0271
0.0319 -0.0266
0.0304 -0.0248
0.0305 -0.0242
0.0296 -0.0230
0.0297 -0.0225
0.0287 -0.0213
0.0288 -0.0207
0.0269 -0.0183
