Boundary height (m): 0.0200

Boundary (x, y) points transformed on the world xy plane (m):
0.0775 0.1222
0.0755 0.1224
0.0743 0.1215
0.0742 0.1210
0.0731 0.1201
0.0729 0.1191
0.0718 0.1181
0.0716 0.1171
0.0710 0.1167
0.0710 0.1162
0.0704 0.1157
0.0703 0.1152
0.0697 0.1148
0.0696 0.1143
0.0690 0.1138
0.0690 0.1133
0.0684 0.1128
0.0683 0.1123
0.0677 0.1119
0.0677 0.1114
0.0671 0.1109
0.0670 0.1104
0.0664 0.1099
0.0663 0.1094
0.0657 0.1090
0.0656 0.1080
0.0650 0.1075
0.0649 0.1070
0.0643 0.1065
0.0643 0.1060
0.0637 0.1056
0.0636 0.1051
0.0624 0.1041
0.0623 0.1031
0.0617 0.1027
0.0616 0.1021
0.0604 0.1012
0.0603 0.1002
0.0597 0.0997
0.0596 0.0992
0.0590 0.0988
0.0589 0.0982
0.0583 0.0978
0.0583 0.0973
0.0577 0.0968
0.0575 0.0958
0.0569 0.0953
0.0568 0.0948
0.0562 0.0943
0.0561 0.0933
0.0549 0.0924
0.0548 0.0913
0.0542 0.0909
0.0541 0.0903
0.0535 0.0899
0.0534 0.0894
0.0528 0.0889
0.0527 0.0884
0.0521 0.0879
0.0521 0.0874
0.0515 0.0869
0.0514 0.0864
0.0508 0.0859
0.0507 0.0854
0.0501 0.0849
0.0500 0.0844
0.0494 0.0839
0.0493 0.0834
0.0487 0.0830
0.0487 0.0824
0.0481 0.0820
0.0480 0.0814
0.0474 0.0810
0.0473 0.0805
0.0467 0.0800
0.0466 0.0795
0.0460 0.0790
0.0459 0.0785
0.0453 0.0780
0.0453 0.0775
0.0446 0.0770
0.0445 0.0759
0.0439 0.0755
0.0437 0.0744
0.0431 0.0739
0.0430 0.0734
0.0424 0.0729
0.0423 0.0719
0.0417 0.0714
0.0416 0.0709
0.0410 0.0704
0.0409 0.0699
0.0403 0.0694
0.0402 0.0689
0.0396 0.0684
0.0395 0.0674
0.0382 0.0664
0.0381 0.0653
0.0368 0.0644
0.0367 0.0633
0.0361 0.0628
0.0358 0.0607
0.0371 0.0590
0.0377 0.0590
0.0381 0.0584
0.0387 0.0583
0.0391 0.0578
0.0397 0.0577
0.0401 0.0572
0.0407 0.0571
0.0411 0.0565
0.0427 0.0564
0.0440 0.0574
0.0441 0.0584
0.0453 0.0594
0.0455 0.0605
0.0467 0.0614
0.0469 0.0625
0.0481 0.0634
0.0482 0.0640
0.0488 0.0645
0.0489 0.0655
0.0495 0.0660
0.0496 0.0665
0.0502 0.0670
0.0503 0.0675
0.0509 0.0680
0.0510 0.0685
0.0516 0.0690
0.0517 0.0695
0.0523 0.0700
0.0524 0.0710
0.0530 0.0715
0.0532 0.0726
0.0538 0.0730
0.0538 0.0736
0.0544 0.0740
0.0545 0.0746
0.0551 0.0750
0.0552 0.0756
0.0558 0.0760
0.0559 0.0766
0.0565 0.0770
0.0566 0.0776
0.0572 0.0780
0.0572 0.0785
0.0584 0.0795
0.0586 0.0805
0.0598 0.0815
0.0599 0.0820
0.0605 0.0825
0.0605 0.0830
0.0611 0.0835
0.0612 0.0840
0.0618 0.0844
0.0619 0.0850
0.0625 0.0854
0.0625 0.0859
0.0631 0.0864
0.0633 0.0874
0.0645 0.0884
0.0646 0.0894
0.0652 0.0899
0.0653 0.0904
0.0659 0.0909
0.0660 0.0914
0.0666 0.0918
0.0666 0.0924
0.0672 0.0928
0.0673 0.0933
0.0679 0.0938
0.0680 0.0943
0.0685 0.0948
0.0688 0.0963
0.0694 0.0968
0.0694 0.0973
0.0700 0.0978
0.0701 0.0983
0.0707 0.0987
0.0707 0.0992
0.0713 0.0997
0.0714 0.1002
0.0720 0.1007
0.0721 0.1012
0.0727 0.1017
0.0727 0.1022
0.0733 0.1026
0.0734 0.1031
0.0740 0.1036
0.0740 0.1041
0.0746 0.1046
0.0747 0.1051
0.0753 0.1055
0.0754 0.1060
0.0760 0.1065
0.0760 0.1070
0.0766 0.1075
0.0767 0.1080
0.0773 0.1084
0.0774 0.1094
0.0780 0.1099
0.0781 0.1104
0.0786 0.1109
0.0787 0.1114
0.0799 0.1123
0.0800 0.1128
0.0805 0.1132
0.0806 0.1137
0.0812 0.1142
0.0813 0.1147
0.0818 0.1152
0.0820 0.1162
0.0826 0.1166
0.0828 0.1181
0.0814 0.1198
0.0809 0.1198
0.0804 0.1204
0.0799 0.1204
0.0795 0.1210
0.0790 0.1210
0.0785 0.1216
0.0780 0.1216
0.0775 0.1222
