Boundary height (m): 0.0200

Boundary (x, y) points transformed on the world xy plane (m):
-0.1212 -0.0056
-0.1226 -0.0067
-0.1227 -0.0072
-0.1234 -0.0078
-0.1236 -0.0083
-0.1243 -0.0089
-0.1244 -0.0095
-0.1251 -0.0100
-0.1253 -0.0111
-0.1260 -0.0117
-0.1262 -0.0128
-0.1269 -0.0134
-0.1274 -0.0157
-0.1269 -0.0163
-0.1274 -0.0186
-0.1269 -0.0192
-0.1270 -0.0198
-0.1266 -0.0204
-0.1268 -0.0216
-0.1263 -0.0222
-0.1265 -0.0228
-0.1260 -0.0234
-0.1261 -0.0240
-0.1251 -0.0252
-0.1253 -0.0258
-0.1238 -0.0276
-0.1232 -0.0277
-0.1204 -0.0314
-0.1198 -0.0314
-0.1193 -0.0320
-0.1187 -0.0321
-0.1183 -0.0327
-0.1177 -0.0327
-0.1172 -0.0333
-0.1148 -0.0335
-0.1144 -0.0341
-0.1126 -0.0342
-0.1121 -0.0348
-0.1080 -0.0351
-0.1073 -0.0345
-0.1044 -0.0347
-0.1037 -0.0342
-0.1031 -0.0342
-0.1024 -0.0337
-0.1018 -0.0337
-0.0990 -0.0315
-0.0989 -0.0310
-0.0975 -0.0299
-0.0974 -0.0293
-0.0967 -0.0287
-0.0966 -0.0282
-0.0959 -0.0276
-0.0958 -0.0270
-0.0951 -0.0265
-0.0945 -0.0230
-0.0938 -0.0225
-0.0942 -0.0219
-0.0937 -0.0190
-0.0942 -0.0184
-0.0938 -0.0167
-0.0943 -0.0161
-0.0942 -0.0155
-0.0947 -0.0149
-0.0946 -0.0143
-0.0960 -0.0125
-0.0959 -0.0119
-0.1006 -0.0058
-0.1012 -0.0058
-0.1016 -0.0052
-0.1022 -0.0051
-0.1027 -0.0045
-0.1033 -0.0045
-0.1037 -0.0039
-0.1043 -0.0038
-0.1048 -0.0032
-0.1065 -0.0031
-0.1070 -0.0025
-0.1128 -0.0021
-0.1135 -0.0026
-0.1147 -0.0026
-0.1154 -0.0031
-0.1166 -0.0030
-0.1173 -0.0035
-0.1178 -0.0035
-0.1206 -0.0056
-0.1212 -0.0056
