Boundary height (m): 0.0200

Boundary (x, y) points transformed on the world xy plane (m):
-0.0736 -0.0345
-0.0775 -0.0380
-0.0776 -0.0389
-0.0785 -0.0397
-0.0786 -0.0407
-0.0796 -0.0415
-0.0797 -0.0424
-0.0806 -0.0433
-0.0811 -0.0488
-0.0803 -0.0498
-0.0804 -0.0517
-0.0788 -0.0536
-0.0788 -0.0545
-0.0780 -0.0555
-0.0781 -0.0564
-0.0747 -0.0604
-0.0738 -0.0604
-0.0722 -0.0624
-0.0713 -0.0624
-0.0704 -0.0634
-0.0686 -0.0635
-0.0678 -0.0645
-0.0587 -0.0651
-0.0577 -0.0642
-0.0559 -0.0643
-0.0540 -0.0626
-0.0530 -0.0626
-0.0511 -0.0609
-0.0510 -0.0599
-0.0500 -0.0591
-0.0500 -0.0582
-0.0490 -0.0573
-0.0489 -0.0564
-0.0479 -0.0555
-0.0472 -0.0463
-0.0481 -0.0453
-0.0480 -0.0444
-0.0488 -0.0434
-0.0488 -0.0425
-0.0496 -0.0415
-0.0495 -0.0406
-0.0529 -0.0367
-0.0538 -0.0366
-0.0546 -0.0357
-0.0555 -0.0356
-0.0572 -0.0337
-0.0590 -0.0336
-0.0598 -0.0326
-0.0679 -0.0321
-0.0689 -0.0329
-0.0698 -0.0329
-0.0708 -0.0338
-0.0717 -0.0337
-0.0727 -0.0346
-0.0736 -0.0345
