Boundary height (m): 0.0200

Boundary (x, y) points transformed on the world xy plane (m):
0.0752 -0.0482
0.0743 -0.0481
0.0733 -0.0490
0.0724 -0.0490
0.0715 -0.0498
0.0706 -0.0498
0.0696 -0.0506
0.0687 -0.0506
0.0677 -0.0514
0.0668 -0.0514
0.0659 -0.0522
0.0650 -0.0522
0.0630 -0.0539
0.0621 -0.0539
0.0612 -0.0547
0.0603 -0.0547
0.0593 -0.0555
0.0584 -0.0555
0.0574 -0.0564
0.0565 -0.0563
0.0556 -0.0572
0.0547 -0.0571
0.0528 -0.0589
0.0518 -0.0588
0.0499 -0.0605
0.0490 -0.0605
0.0480 -0.0613
0.0471 -0.0613
0.0462 -0.0622
0.0453 -0.0621
0.0443 -0.0630
0.0434 -0.0629
0.0424 -0.0638
0.0415 -0.0637
0.0386 -0.0663
0.0385 -0.0682
0.0402 -0.0702
0.0401 -0.0720
0.0418 -0.0740
0.0417 -0.0758
0.0434 -0.0778
0.0433 -0.0787
0.0450 -0.0807
0.0449 -0.0816
0.0466 -0.0836
0.0466 -0.0845
0.0474 -0.0855
0.0474 -0.0864
0.0491 -0.0884
0.0490 -0.0893
0.0498 -0.0903
0.0498 -0.0912
0.0506 -0.0922
0.0506 -0.0932
0.0523 -0.0951
0.0522 -0.0961
0.0539 -0.0980
0.0539 -0.0990
0.0556 -0.1009
0.0555 -0.1019
0.0564 -0.1029
0.0573 -0.1029
0.0581 -0.1039
0.0601 -0.1022
0.0610 -0.1022
0.0619 -0.1013
0.0628 -0.1014
0.0638 -0.1005
0.0647 -0.1006
0.0657 -0.0997
0.0666 -0.0997
0.0676 -0.0989
0.0685 -0.0989
0.0704 -0.0972
0.0713 -0.0972
0.0723 -0.0963
0.0732 -0.0964
0.0742 -0.0955
0.0751 -0.0956
0.0760 -0.0947
0.0769 -0.0948
0.0779 -0.0939
0.0788 -0.0939
0.0807 -0.0922
0.0816 -0.0922
0.0826 -0.0914
0.0835 -0.0914
0.0854 -0.0897
0.0863 -0.0897
0.0873 -0.0889
0.0882 -0.0889
0.0892 -0.0880
0.0901 -0.0881
0.0939 -0.0846
0.0940 -0.0837
0.0923 -0.0817
0.0923 -0.0808
0.0906 -0.0788
0.0907 -0.0779
0.0898 -0.0769
0.0899 -0.0760
0.0890 -0.0750
0.0891 -0.0741
0.0874 -0.0721
0.0874 -0.0712
0.0866 -0.0702
0.0866 -0.0693
0.0849 -0.0673
0.0850 -0.0664
0.0841 -0.0654
0.0842 -0.0645
0.0825 -0.0625
0.0826 -0.0616
0.0817 -0.0606
0.0818 -0.0597
0.0809 -0.0587
0.0810 -0.0578
0.0793 -0.0558
0.0793 -0.0549
0.0776 -0.0530
0.0777 -0.0520
0.0768 -0.0511
0.0769 -0.0501
0.0752 -0.0482
