Boundary height (m): 0.0200

Boundary (x, y) points transformed on the world xy plane (m):
0.1400 0.0309
0.1347 0.0312
0.1328 0.0295
0.1326 0.0268
0.1317 0.0260
0.1312 0.0170
0.1303 0.0161
0.1297 0.0053
0.1288 0.0044
0.1279 -0.0119
0.1269 -0.0128
0.1264 -0.0228
0.1254 -0.0237
0.1254 -0.0246
0.1262 -0.0256
0.1260 -0.0301
0.1250 -0.0310
0.1244 -0.0429
0.1253 -0.0439
0.1325 -0.0443
0.1334 -0.0435
0.1335 -0.0416
0.1345 -0.0408
0.1354 -0.0225
0.1364 -0.0216
0.1368 -0.0134
0.1378 -0.0125
0.1383 -0.0025
0.1392 -0.0017
0.1400 0.0128
0.1409 0.0137
0.1415 0.0254
0.1425 0.0262
0.1426 0.0289
0.1418 0.0299
0.1409 0.0300
0.1400 0.0309
