Boundary height (m): 0.0200

Boundary (x, y) points transformed on the world xy plane (m):
0.1298 0.0906
0.1289 0.0907
0.1281 0.0916
0.1272 0.0917
0.1264 0.0926
0.1255 0.0927
0.1247 0.0936
0.1219 0.0911
0.1218 0.0902
0.1199 0.0886
0.1199 0.0877
0.1190 0.0869
0.1189 0.0860
0.1170 0.0843
0.1170 0.0834
0.1160 0.0826
0.1160 0.0817
0.1151 0.0809
0.1150 0.0800
0.1131 0.0783
0.1131 0.0774
0.1121 0.0766
0.1121 0.0757
0.1102 0.0740
0.1102 0.0731
0.1092 0.0723
0.1092 0.0714
0.1073 0.0697
0.1073 0.0689
0.1063 0.0680
0.1063 0.0671
0.1053 0.0663
0.1053 0.0654
0.1043 0.0646
0.1043 0.0637
0.1033 0.0628
0.1033 0.0619
0.1014 0.0603
0.1014 0.0594
0.1004 0.0585
0.1004 0.0576
0.0985 0.0560
0.0984 0.0551
0.0965 0.0534
0.0965 0.0525
0.0955 0.0517
0.0955 0.0508
0.0945 0.0499
0.0945 0.0490
0.0936 0.0482
0.0935 0.0473
0.0916 0.0456
0.0915 0.0438
0.0906 0.0430
0.0905 0.0421
0.0886 0.0404
0.0886 0.0395
0.0876 0.0386
0.0876 0.0377
0.0866 0.0369
0.0866 0.0360
0.0856 0.0352
0.0856 0.0343
0.0837 0.0326
0.0870 0.0287
0.0879 0.0287
0.0896 0.0268
0.0905 0.0276
0.0914 0.0276
0.0933 0.0293
0.0934 0.0302
0.0943 0.0310
0.0944 0.0319
0.0963 0.0336
0.0963 0.0345
0.0973 0.0353
0.0973 0.0362
0.0992 0.0379
0.0993 0.0388
0.1002 0.0397
0.1003 0.0406
0.1012 0.0414
0.1013 0.0423
0.1022 0.0431
0.1023 0.0440
0.1032 0.0449
0.1033 0.0458
0.1051 0.0475
0.1052 0.0484
0.1061 0.0492
0.1062 0.0501
0.1081 0.0518
0.1081 0.0527
0.1091 0.0535
0.1091 0.0544
0.1110 0.0561
0.1110 0.0570
0.1120 0.0578
0.1120 0.0587
0.1139 0.0604
0.1140 0.0613
0.1149 0.0621
0.1149 0.0630
0.1159 0.0639
0.1159 0.0647
0.1169 0.0656
0.1169 0.0665
0.1188 0.0681
0.1189 0.0699
0.1208 0.0716
0.1208 0.0725
0.1227 0.0742
0.1227 0.0750
0.1237 0.0759
0.1237 0.0768
0.1247 0.0776
0.1247 0.0785
0.1266 0.0802
0.1266 0.0810
0.1276 0.0819
0.1276 0.0828
0.1295 0.0844
0.1295 0.0853
0.1305 0.0861
0.1305 0.0870
0.1315 0.0879
0.1315 0.0888
0.1298 0.0906
