Boundary height (m): 0.0200

Boundary (x, y) points transformed on the world xy plane (m):
-0.0258 0.0815
-0.0277 0.0798
-0.0286 0.0799
-0.0295 0.0791
-0.0304 0.0791
-0.0314 0.0783
-0.0323 0.0783
-0.0342 0.0767
-0.0351 0.0767
-0.0360 0.0759
-0.0369 0.0759
-0.0408 0.0726
-0.0417 0.0726
-0.0503 0.0651
-0.0504 0.0642
-0.0523 0.0625
-0.0524 0.0616
-0.0533 0.0608
-0.0534 0.0599
-0.0553 0.0582
-0.0554 0.0573
-0.0564 0.0565
-0.0565 0.0547
-0.0575 0.0539
-0.0586 0.0503
-0.0596 0.0495
-0.0599 0.0459
-0.0609 0.0450
-0.0621 0.0297
-0.0613 0.0288
-0.0614 0.0270
-0.0589 0.0241
-0.0535 0.0238
-0.0526 0.0246
-0.0517 0.0246
-0.0507 0.0254
-0.0493 0.0434
-0.0483 0.0443
-0.0481 0.0479
-0.0471 0.0487
-0.0470 0.0505
-0.0441 0.0521
-0.0441 0.0530
-0.0431 0.0539
-0.0430 0.0548
-0.0421 0.0556
-0.0420 0.0565
-0.0391 0.0590
-0.0391 0.0599
-0.0323 0.0658
-0.0314 0.0657
-0.0295 0.0674
-0.0286 0.0674
-0.0277 0.0682
-0.0268 0.0681
-0.0258 0.0690
-0.0249 0.0689
-0.0240 0.0698
-0.0231 0.0697
-0.0221 0.0705
-0.0204 0.0704
-0.0194 0.0713
-0.0149 0.0710
-0.0140 0.0718
0.0003 0.0710
0.0011 0.0700
0.0046 0.0698
0.0055 0.0689
0.0072 0.0687
0.0081 0.0678
0.0099 0.0677
0.0107 0.0667
0.0116 0.0667
0.0124 0.0657
0.0133 0.0657
0.0141 0.0647
0.0150 0.0647
0.0158 0.0637
0.0167 0.0637
0.0176 0.0627
0.0184 0.0627
0.0201 0.0608
0.0210 0.0607
0.0218 0.0598
0.0227 0.0597
0.0252 0.0569
0.0261 0.0568
0.0294 0.0530
0.0294 0.0521
0.0319 0.0493
0.0318 0.0484
0.0335 0.0465
0.0334 0.0456
0.0342 0.0446
0.0342 0.0437
0.0350 0.0428
0.0349 0.0419
0.0358 0.0409
0.0356 0.0382
0.0364 0.0373
0.0362 0.0337
0.0370 0.0327
0.0357 0.0256
0.0365 0.0246
0.0364 0.0228
0.0354 0.0219
0.0351 0.0174
0.0342 0.0166
0.0340 0.0148
0.0321 0.0131
0.0321 0.0122
0.0311 0.0113
0.0310 0.0104
0.0282 0.0079
0.0281 0.0069
0.0204 0.0001
0.0195 0.0002
0.0186 -0.0007
0.0177 -0.0006
0.0167 -0.0015
0.0158 -0.0014
0.0149 -0.0023
0.0140 -0.0022
0.0130 -0.0031
0.0112 -0.0030
0.0102 -0.0038
0.0093 -0.0038
0.0084 -0.0046
0.0075 -0.0046
0.0065 -0.0054
0.0056 -0.0054
0.0046 -0.0062
0.0028 -0.0061
0.0019 -0.0070
0.0018 -0.0079
0.0009 -0.0087
0.0007 -0.0115
0.0015 -0.0124
0.0014 -0.0143
0.0039 -0.0172
0.0066 -0.0173
0.0075 -0.0165
0.0093 -0.0166
0.0103 -0.0157
0.0112 -0.0158
0.0122 -0.0149
0.0131 -0.0150
0.0140 -0.0141
0.0158 -0.0142
0.0168 -0.0134
0.0177 -0.0134
0.0187 -0.0126
0.0196 -0.0126
0.0205 -0.0118
0.0214 -0.0118
0.0224 -0.0110
0.0233 -0.0110
0.0242 -0.0102
0.0251 -0.0102
0.0271 -0.0085
0.0280 -0.0086
0.0385 0.0008
0.0386 0.0017
0.0405 0.0035
0.0405 0.0044
0.0415 0.0052
0.0416 0.0061
0.0425 0.0070
0.0426 0.0079
0.0435 0.0087
0.0436 0.0096
0.0446 0.0105
0.0447 0.0123
0.0456 0.0131
0.0457 0.0150
0.0467 0.0158
0.0469 0.0194
0.0479 0.0203
0.0488 0.0338
0.0479 0.0348
0.0481 0.0375
0.0464 0.0394
0.0466 0.0412
0.0457 0.0421
0.0458 0.0439
0.0450 0.0449
0.0451 0.0458
0.0442 0.0467
0.0443 0.0476
0.0435 0.0495
0.0427 0.0513
0.0420 0.0531
0.0420 0.0540
0.0412 0.0550
0.0412 0.0559
0.0371 0.0606
0.0371 0.0615
0.0305 0.0691
0.0296 0.0692
0.0263 0.0729
0.0254 0.0730
0.0246 0.0739
0.0237 0.0740
0.0229 0.0749
0.0220 0.0750
0.0211 0.0759
0.0203 0.0760
0.0194 0.0769
0.0177 0.0770
0.0168 0.0780
0.0159 0.0780
0.0151 0.0790
0.0124 0.0792
0.0116 0.0801
0.0098 0.0802
0.0090 0.0812
0.0072 0.0813
0.0064 0.0822
0.0002 0.0826
-0.0006 0.0835
-0.0016 0.0827
-0.0024 0.0836
-0.0131 0.0843
-0.0140 0.0835
-0.0167 0.0836
-0.0176 0.0828
-0.0203 0.0830
-0.0213 0.0821
-0.0230 0.0822
-0.0240 0.0814
-0.0258 0.0815
