Boundary height (m): 0.0200

Boundary (x, y) points transformed on the world xy plane (m):
0.1970 0.1227
0.1969 0.1201
0.1977 0.1192
0.1973 0.1113
0.1982 0.1103
0.1973 0.0900
0.1981 0.0891
0.1980 0.0855
0.1988 0.0846
0.1980 0.0668
0.1989 0.0659
0.1982 0.0507
0.1973 0.0499
0.1971 0.0463
0.1962 0.0455
0.1960 0.0419
0.1951 0.0410
0.1950 0.0401
0.1941 0.0393
0.1939 0.0357
0.1930 0.0349
0.1930 0.0340
0.1855 0.0272
0.1846 0.0273
0.1837 0.0264
0.1828 0.0265
0.1753 0.0197
0.1753 0.0188
0.1743 0.0180
0.1741 0.0125
0.1783 0.0077
0.1792 0.0077
0.1826 0.0038
0.1835 0.0038
0.1844 0.0028
0.1853 0.0028
0.1870 0.0009
0.1879 0.0008
0.1887 -0.0002
0.1896 -0.0002
0.1905 -0.0012
0.1914 -0.0012
0.1948 -0.0051
0.1948 -0.0060
0.1956 -0.0070
0.1955 -0.0088
0.1964 -0.0097
0.1963 -0.0116
0.1954 -0.0124
0.1952 -0.0170
0.1942 -0.0178
0.1942 -0.0187
0.1932 -0.0196
0.1932 -0.0205
0.1866 -0.0265
0.1857 -0.0264
0.1838 -0.0282
0.1830 -0.0281
0.1801 -0.0307
0.1801 -0.0316
0.1773 -0.0342
0.1772 -0.0351
0.1781 -0.0361
0.1780 -0.0379
0.1770 -0.0388
0.1769 -0.0415
0.1778 -0.0425
0.1773 -0.0535
0.1763 -0.0544
0.1763 -0.0553
0.1771 -0.0563
0.1770 -0.0581
0.1761 -0.0590
0.1760 -0.0599
0.1769 -0.0609
0.1764 -0.0720
0.1773 -0.0729
0.1763 -0.0738
0.1763 -0.0747
0.1771 -0.0757
0.1770 -0.0785
0.1779 -0.0795
0.1770 -0.0980
0.1779 -0.0990
0.1777 -0.1018
0.1786 -0.1028
0.1783 -0.1093
0.1773 -0.1102
0.1782 -0.1112
0.1782 -0.1121
0.1772 -0.1130
0.1772 -0.1140
0.1780 -0.1149
0.1777 -0.1215
0.1786 -0.1225
0.1782 -0.1309
0.1772 -0.1318
0.1770 -0.1365
0.1761 -0.1374
0.1752 -0.1374
0.1742 -0.1382
0.1587 -0.1373
0.1577 -0.1382
0.1513 -0.1378
0.1505 -0.1368
0.1496 -0.1367
0.1487 -0.1357
0.1478 -0.1357
0.1452 -0.1327
0.1443 -0.1326
0.1417 -0.1297
0.1408 -0.1296
0.1365 -0.1246
0.1355 -0.1246
0.1321 -0.1206
0.1312 -0.1206
0.1295 -0.1186
0.1285 -0.1185
0.1277 -0.1175
0.1268 -0.1175
0.1259 -0.1165
0.1241 -0.1164
0.1231 -0.1172
0.1222 -0.1172
0.1184 -0.1207
0.1175 -0.1207
0.1107 -0.1268
0.1098 -0.1268
0.1040 -0.1321
0.1031 -0.1320
0.1012 -0.1338
0.1003 -0.1338
0.0974 -0.1364
0.0964 -0.1364
0.0955 -0.1372
0.0946 -0.1372
0.0936 -0.1381
0.0918 -0.1380
0.0908 -0.1388
0.0835 -0.1384
0.0825 -0.1393
0.0725 -0.1387
0.0715 -0.1396
0.0688 -0.1394
0.0679 -0.1384
0.0670 -0.1383
0.0660 -0.1392
0.0614 -0.1390
0.0606 -0.1380
0.0542 -0.1376
0.0532 -0.1385
0.0524 -0.1375
0.0514 -0.1374
0.0505 -0.1383
0.0386 -0.1376
0.0376 -0.1385
0.0266 -0.1378
0.0256 -0.1387
0.0247 -0.1386
0.0239 -0.1376
0.0202 -0.1374
0.0192 -0.1383
0.0174 -0.1382
0.0166 -0.1372
0.0138 -0.1370
0.0128 -0.1379
0.0046 -0.1374
0.0036 -0.1383
-0.0147 -0.1372
-0.0143 -0.1325
-0.0152 -0.1315
-0.0149 -0.1268
-0.0157 -0.1258
-0.0154 -0.1211
-0.0162 -0.1201
-0.0161 -0.1182
-0.0195 -0.1142
-0.0240 -0.1140
-0.0250 -0.1148
-0.0323 -0.1144
-0.0333 -0.1153
-0.0406 -0.1148
-0.0416 -0.1157
-0.0516 -0.1151
-0.0526 -0.1160
-0.0535 -0.1159
-0.0555 -0.1177
-0.0556 -0.1186
-0.0565 -0.1195
-0.0571 -0.1270
-0.0563 -0.1280
-0.0569 -0.1356
-0.0596 -0.1354
-0.0606 -0.1363
-0.0744 -0.1355
-0.0753 -0.1363
-0.0799 -0.1361
-0.0808 -0.1351
-0.0826 -0.1350
-0.0836 -0.1358
-0.0873 -0.1356
-0.0882 -0.1365
-0.1020 -0.1357
-0.1030 -0.1366
-0.1067 -0.1363
-0.1077 -0.1372
-0.1085 -0.1362
-0.1177 -0.1357
-0.1187 -0.1366
-0.1195 -0.1356
-0.1222 -0.1354
-0.1231 -0.1344
-0.1240 -0.1343
-0.1248 -0.1334
-0.1257 -0.1333
-0.1274 -0.1313
-0.1272 -0.1294
-0.1281 -0.1284
-0.1276 -0.1228
-0.1284 -0.1218
-0.1276 -0.1124
-0.1284 -0.1114
-0.1275 -0.1001
-0.1283 -0.0992
-0.1273 -0.0983
-0.1267 -0.0917
-0.1276 -0.0907
-0.1267 -0.0814
-0.1276 -0.0804
-0.1272 -0.0758
-0.1262 -0.0749
-0.1258 -0.0712
-0.1267 -0.0702
-0.1266 -0.0693
-0.1274 -0.0683
-0.1267 -0.0600
-0.1275 -0.0590
-0.1265 -0.0470
-0.1273 -0.0460
-0.1271 -0.0442
-0.1261 -0.0433
-0.1257 -0.0378
-0.1265 -0.0368
-0.1258 -0.0286
-0.1266 -0.0276
-0.1258 -0.0184
-0.1266 -0.0174
-0.1260 -0.0111
-0.1269 -0.0101
-0.1263 -0.0037
-0.1271 -0.0027
-0.1269 -0.0000
-0.1249 0.0017
-0.1248 0.0026
-0.1121 0.0137
-0.1120 0.0146
-0.1111 0.0155
-0.1110 0.0164
-0.1090 0.0181
-0.1088 0.0208
-0.1078 0.0216
-0.1077 0.0225
-0.1068 0.0234
-0.1063 0.0288
-0.1053 0.0297
-0.1061 0.0306
-0.1056 0.0369
-0.1064 0.0379
-0.1062 0.0406
-0.1070 0.0415
-0.1068 0.0433
-0.1085 0.0453
-0.1083 0.0471
-0.1091 0.0480
-0.1091 0.0489
-0.1099 0.0499
-0.1098 0.0508
-0.1106 0.0517
-0.1105 0.0526
-0.1130 0.0555
-0.1129 0.0564
-0.1137 0.0573
-0.1136 0.0582
-0.1194 0.0649
-0.1202 0.0649
-0.1219 0.0668
-0.1228 0.0669
-0.1268 0.0716
-0.1267 0.0725
-0.1276 0.0734
-0.1268 0.0815
-0.1277 0.0824
-0.1275 0.0842
-0.1283 0.0851
-0.1281 0.0869
-0.1272 0.0878
-0.1270 0.0895
-0.1278 0.0905
-0.1273 0.0958
-0.1282 0.0967
-0.1266 0.1047
-0.1274 0.1056
-0.1263 0.1171
-0.1271 0.1180
-0.1267 0.1224
-0.1258 0.1232
-0.1257 0.1241
-0.1247 0.1249
-0.1230 0.1248
-0.1220 0.1257
-0.1070 0.1247
-0.1060 0.1256
-0.1025 0.1253
-0.1016 0.1244
-0.0875 0.1235
-0.0865 0.1244
-0.0759 0.1237
-0.0751 0.1228
-0.0741 0.1236
-0.0733 0.1227
-0.0716 0.1226
-0.0706 0.1234
-0.0688 0.1233
-0.0679 0.1241
-0.0617 0.1237
-0.0609 0.1228
-0.0582 0.1226
-0.0573 0.1234
-0.0520 0.1231
-0.0510 0.1239
-0.0457 0.1236
-0.0449 0.1227
-0.0422 0.1225
-0.0413 0.1233
-0.0254 0.1224
-0.0244 0.1232
-0.0191 0.1228
-0.0182 0.1237
-0.0102 0.1232
-0.0093 0.1240
-0.0066 0.1238
-0.0057 0.1247
-0.0048 0.1237
-0.0022 0.1236
-0.0012 0.1244
0.0023 0.1242
0.0032 0.1250
0.0147 0.1243
0.0157 0.1251
0.0210 0.1248
0.0219 0.1256
0.0227 0.1247
0.0351 0.1239
0.0352 0.1248
0.0475 0.1240
0.0485 0.1249
0.0573 0.1243
0.0582 0.1251
0.0697 0.1244
0.0706 0.1252
0.0750 0.1250
0.0759 0.1240
0.0785 0.1239
0.0795 0.1247
0.0848 0.1244
0.0857 0.1252
0.0892 0.1250
0.0900 0.1240
0.0936 0.1238
0.0945 0.1247
0.1042 0.1241
0.1051 0.1249
0.1184 0.1241
0.1193 0.1249
0.1290 0.1243
0.1299 0.1251
0.1414 0.1244
0.1423 0.1252
0.1476 0.1249
0.1485 0.1257
0.1556 0.1253
0.1564 0.1244
0.1573 0.1243
0.1582 0.1251
0.1600 0.1250
0.1609 0.1258
0.1785 0.1247
0.1794 0.1256
0.1891 0.1250
0.1900 0.1240
0.1944 0.1238
0.1952 0.1228
0.1970 0.1227
