Boundary height (m): 0.0200

Boundary (x, y) points transformed on the world xy plane (m):
0.0786 0.1204
0.0776 0.1205
0.0771 0.1210
0.0766 0.1211
0.0761 0.1216
0.0746 0.1217
0.0740 0.1213
0.0739 0.1208
0.0728 0.1199
0.0727 0.1193
0.0715 0.1184
0.0714 0.1174
0.0703 0.1165
0.0701 0.1155
0.0696 0.1150
0.0695 0.1145
0.0689 0.1140
0.0689 0.1135
0.0677 0.1126
0.0676 0.1116
0.0664 0.1107
0.0663 0.1097
0.0657 0.1092
0.0656 0.1087
0.0650 0.1082
0.0650 0.1077
0.0638 0.1068
0.0637 0.1063
0.0632 0.1058
0.0630 0.1048
0.0624 0.1043
0.0624 0.1038
0.0618 0.1033
0.0617 0.1028
0.0611 0.1023
0.0611 0.1018
0.0599 0.1009
0.0598 0.1004
0.0592 0.0999
0.0591 0.0989
0.0585 0.0984
0.0585 0.0979
0.0579 0.0974
0.0578 0.0969
0.0572 0.0964
0.0571 0.0959
0.0566 0.0954
0.0565 0.0949
0.0559 0.0944
0.0558 0.0939
0.0552 0.0935
0.0551 0.0924
0.0545 0.0920
0.0544 0.0909
0.0538 0.0904
0.0537 0.0899
0.0531 0.0895
0.0531 0.0889
0.0519 0.0880
0.0517 0.0869
0.0512 0.0865
0.0511 0.0859
0.0499 0.0850
0.0498 0.0845
0.0492 0.0840
0.0492 0.0835
0.0486 0.0830
0.0485 0.0825
0.0479 0.0820
0.0478 0.0815
0.0472 0.0810
0.0472 0.0805
0.0466 0.0800
0.0465 0.0795
0.0459 0.0790
0.0458 0.0785
0.0452 0.0780
0.0452 0.0774
0.0440 0.0765
0.0438 0.0754
0.0432 0.0749
0.0431 0.0739
0.0425 0.0734
0.0424 0.0724
0.0417 0.0719
0.0417 0.0714
0.0411 0.0709
0.0410 0.0703
0.0404 0.0699
0.0403 0.0693
0.0397 0.0688
0.0397 0.0683
0.0391 0.0678
0.0390 0.0673
0.0384 0.0668
0.0382 0.0657
0.0370 0.0648
0.0369 0.0637
0.0357 0.0627
0.0355 0.0617
0.0349 0.0612
0.0348 0.0601
0.0362 0.0584
0.0367 0.0584
0.0372 0.0578
0.0377 0.0578
0.0387 0.0566
0.0392 0.0566
0.0397 0.0560
0.0402 0.0560
0.0407 0.0554
0.0418 0.0554
0.0436 0.0569
0.0437 0.0574
0.0443 0.0579
0.0443 0.0584
0.0450 0.0589
0.0450 0.0594
0.0456 0.0599
0.0457 0.0604
0.0463 0.0609
0.0464 0.0615
0.0470 0.0620
0.0470 0.0625
0.0482 0.0635
0.0484 0.0645
0.0490 0.0650
0.0490 0.0655
0.0496 0.0660
0.0497 0.0666
0.0503 0.0670
0.0504 0.0676
0.0510 0.0681
0.0510 0.0686
0.0516 0.0691
0.0518 0.0701
0.0524 0.0706
0.0524 0.0711
0.0530 0.0716
0.0532 0.0727
0.0544 0.0736
0.0544 0.0742
0.0550 0.0746
0.0551 0.0752
0.0557 0.0756
0.0558 0.0762
0.0563 0.0766
0.0564 0.0772
0.0570 0.0777
0.0571 0.0782
0.0577 0.0787
0.0577 0.0792
0.0583 0.0797
0.0584 0.0802
0.0596 0.0811
0.0596 0.0817
0.0602 0.0821
0.0604 0.0832
0.0616 0.0841
0.0617 0.0852
0.0623 0.0856
0.0623 0.0862
0.0629 0.0866
0.0630 0.0872
0.0642 0.0881
0.0642 0.0886
0.0648 0.0891
0.0649 0.0896
0.0655 0.0901
0.0656 0.0911
0.0668 0.0921
0.0668 0.0926
0.0674 0.0931
0.0675 0.0941
0.0681 0.0946
0.0683 0.0956
0.0688 0.0961
0.0689 0.0966
0.0695 0.0970
0.0696 0.0976
0.0701 0.0980
0.0702 0.0985
0.0714 0.0995
0.0715 0.1005
0.0727 0.1014
0.0728 0.1025
0.0734 0.1029
0.0734 0.1034
0.0746 0.1044
0.0747 0.1054
0.0759 0.1063
0.0759 0.1068
0.0765 0.1073
0.0766 0.1083
0.0778 0.1093
0.0779 0.1098
0.0784 0.1102
0.0785 0.1107
0.0791 0.1112
0.0792 0.1122
0.0804 0.1131
0.0804 0.1136
0.0810 0.1141
0.0811 0.1151
0.0817 0.1156
0.0817 0.1161
0.0823 0.1165
0.0824 0.1170
0.0810 0.1187
0.0805 0.1187
0.0800 0.1193
0.0795 0.1193
0.0786 0.1204
