Boundary height (m): 0.0200

Boundary (x, y) points transformed on the world xy plane (m):
0.0266 -0.0190
0.0250 -0.0190
0.0243 -0.0195
0.0238 -0.0195
0.0231 -0.0200
0.0226 -0.0200
0.0220 -0.0205
0.0214 -0.0205
0.0208 -0.0210
0.0202 -0.0210
0.0196 -0.0215
0.0190 -0.0215
0.0184 -0.0220
0.0178 -0.0220
0.0166 -0.0231
0.0160 -0.0230
0.0141 -0.0246
0.0135 -0.0246
0.0129 -0.0252
0.0123 -0.0251
0.0117 -0.0257
0.0111 -0.0256
0.0105 -0.0262
0.0099 -0.0262
0.0093 -0.0267
0.0087 -0.0267
0.0081 -0.0272
0.0075 -0.0272
0.0063 -0.0283
0.0057 -0.0282
0.0038 -0.0299
0.0032 -0.0298
0.0026 -0.0304
0.0020 -0.0303
0.0014 -0.0309
0.0008 -0.0309
0.0001 -0.0314
-0.0004 -0.0314
-0.0011 -0.0319
-0.0016 -0.0319
-0.0029 -0.0330
-0.0035 -0.0329
-0.0041 -0.0335
-0.0047 -0.0335
-0.0053 -0.0340
-0.0059 -0.0340
-0.0066 -0.0345
-0.0071 -0.0345
-0.0104 -0.0372
-0.0105 -0.0384
-0.0096 -0.0396
-0.0096 -0.0401
-0.0092 -0.0407
-0.0092 -0.0413
-0.0083 -0.0425
-0.0083 -0.0431
-0.0079 -0.0437
-0.0079 -0.0443
-0.0074 -0.0449
-0.0075 -0.0454
-0.0066 -0.0466
-0.0066 -0.0472
-0.0052 -0.0490
-0.0052 -0.0496
-0.0038 -0.0514
-0.0039 -0.0520
-0.0024 -0.0538
-0.0025 -0.0544
-0.0015 -0.0556
-0.0016 -0.0561
-0.0006 -0.0573
-0.0007 -0.0579
0.0008 -0.0597
0.0007 -0.0603
0.0012 -0.0609
0.0011 -0.0615
0.0016 -0.0621
0.0015 -0.0627
0.0030 -0.0645
0.0029 -0.0651
0.0034 -0.0657
0.0033 -0.0662
0.0048 -0.0681
0.0047 -0.0686
0.0057 -0.0698
0.0056 -0.0704
0.0086 -0.0741
0.0097 -0.0741
0.0110 -0.0730
0.0116 -0.0730
0.0129 -0.0719
0.0140 -0.0719
0.0147 -0.0714
0.0152 -0.0714
0.0165 -0.0703
0.0177 -0.0703
0.0189 -0.0692
0.0195 -0.0692
0.0208 -0.0681
0.0214 -0.0681
0.0220 -0.0676
0.0226 -0.0676
0.0232 -0.0670
0.0238 -0.0670
0.0250 -0.0659
0.0262 -0.0660
0.0275 -0.0649
0.0280 -0.0649
0.0287 -0.0643
0.0292 -0.0643
0.0305 -0.0632
0.0311 -0.0633
0.0323 -0.0622
0.0329 -0.0622
0.0335 -0.0616
0.0341 -0.0616
0.0347 -0.0611
0.0353 -0.0611
0.0359 -0.0606
0.0365 -0.0606
0.0371 -0.0600
0.0377 -0.0601
0.0383 -0.0595
0.0389 -0.0595
0.0395 -0.0590
0.0400 -0.0590
0.0407 -0.0584
0.0412 -0.0585
0.0450 -0.0552
0.0451 -0.0540
0.0432 -0.0517
0.0433 -0.0511
0.0423 -0.0499
0.0424 -0.0493
0.0414 -0.0481
0.0415 -0.0476
0.0410 -0.0470
0.0410 -0.0464
0.0396 -0.0446
0.0397 -0.0441
0.0382 -0.0423
0.0383 -0.0417
0.0378 -0.0411
0.0379 -0.0400
0.0365 -0.0382
0.0365 -0.0376
0.0356 -0.0365
0.0356 -0.0359
0.0342 -0.0341
0.0343 -0.0336
0.0333 -0.0324
0.0334 -0.0318
0.0329 -0.0312
0.0330 -0.0307
0.0320 -0.0295
0.0321 -0.0289
0.0316 -0.0283
0.0317 -0.0278
0.0302 -0.0260
0.0303 -0.0254
0.0293 -0.0243
0.0294 -0.0237
0.0289 -0.0231
0.0290 -0.0225
0.0280 -0.0214
0.0281 -0.0208
0.0266 -0.0190
