Boundary height (m): 0.0200

Boundary (x, y) points transformed on the world xy plane (m):
-0.1197 -0.0054
-0.1232 -0.0081
-0.1233 -0.0087
-0.1247 -0.0098
-0.1248 -0.0103
-0.1255 -0.0109
-0.1257 -0.0120
-0.1264 -0.0126
-0.1265 -0.0132
-0.1273 -0.0137
-0.1282 -0.0189
-0.1277 -0.0196
-0.1279 -0.0207
-0.1275 -0.0213
-0.1276 -0.0219
-0.1271 -0.0225
-0.1272 -0.0231
-0.1267 -0.0237
-0.1268 -0.0243
-0.1263 -0.0249
-0.1264 -0.0255
-0.1254 -0.0267
-0.1255 -0.0273
-0.1226 -0.0310
-0.1220 -0.0310
-0.1205 -0.0328
-0.1199 -0.0329
-0.1190 -0.0341
-0.1184 -0.0341
-0.1179 -0.0347
-0.1155 -0.0348
-0.1150 -0.0354
-0.1126 -0.0355
-0.1121 -0.0362
-0.1080 -0.0363
-0.1073 -0.0358
-0.1049 -0.0359
-0.1042 -0.0353
-0.1030 -0.0354
-0.0989 -0.0320
-0.0988 -0.0315
-0.0967 -0.0298
-0.0965 -0.0286
-0.0958 -0.0281
-0.0955 -0.0263
-0.0948 -0.0258
-0.0939 -0.0206
-0.0944 -0.0200
-0.0942 -0.0188
-0.0947 -0.0182
-0.0945 -0.0171
-0.0950 -0.0165
-0.0949 -0.0159
-0.0958 -0.0147
-0.0957 -0.0141
-0.0967 -0.0129
-0.0966 -0.0123
-0.1000 -0.0081
-0.1006 -0.0081
-0.1016 -0.0069
-0.1022 -0.0068
-0.1026 -0.0062
-0.1032 -0.0062
-0.1037 -0.0056
-0.1043 -0.0056
-0.1048 -0.0050
-0.1054 -0.0049
-0.1059 -0.0043
-0.1070 -0.0043
-0.1075 -0.0037
-0.1128 -0.0034
-0.1135 -0.0039
-0.1159 -0.0038
-0.1166 -0.0044
-0.1172 -0.0043
-0.1178 -0.0049
-0.1184 -0.0049
-0.1191 -0.0054
-0.1197 -0.0054
