Boundary height (m): 0.0200

Boundary (x, y) points transformed on the world xy plane (m):
0.1468 0.1508
0.1467 0.1499
0.1471 0.1493
0.1468 0.1460
0.1473 0.1454
0.1469 0.1411
0.1473 0.1405
0.1472 0.1391
0.1481 0.1380
0.1480 0.1370
0.1474 0.1366
0.1473 0.1346
0.1477 0.1341
0.1469 0.1258
0.1474 0.1252
0.1470 0.1208
0.1474 0.1203
0.1472 0.1178
0.1481 0.1167
0.1478 0.1132
0.1483 0.1127
0.1479 0.1092
0.1484 0.1087
0.1479 0.1032
0.1483 0.1027
0.1479 0.0982
0.1484 0.0976
0.1479 0.0921
0.1483 0.0915
0.1480 0.0875
0.1484 0.0870
0.1480 0.0824
0.1485 0.0819
0.1479 0.0814
0.1478 0.0799
0.1472 0.0794
0.1470 0.0774
0.1465 0.0769
0.1462 0.0733
0.1456 0.0728
0.1455 0.0718
0.1450 0.0713
0.1454 0.0708
0.1454 0.0703
0.1448 0.0698
0.1447 0.0688
0.1442 0.0683
0.1440 0.0663
0.1434 0.0658
0.1433 0.0642
0.1427 0.0638
0.1427 0.0632
0.1421 0.0628
0.1421 0.0622
0.1415 0.0618
0.1414 0.0613
0.1358 0.0564
0.1353 0.0565
0.1347 0.0560
0.1342 0.0560
0.1337 0.0555
0.1332 0.0556
0.1303 0.0532
0.1303 0.0526
0.1291 0.0517
0.1286 0.0517
0.1280 0.0512
0.1275 0.0512
0.1264 0.0503
0.1263 0.0497
0.1252 0.0488
0.1252 0.0482
0.1246 0.0478
0.1242 0.0436
0.1246 0.0430
0.1245 0.0414
0.1249 0.0409
0.1249 0.0404
0.1268 0.0381
0.1273 0.0381
0.1292 0.0358
0.1297 0.0358
0.1302 0.0353
0.1307 0.0352
0.1321 0.0335
0.1326 0.0335
0.1335 0.0324
0.1341 0.0324
0.1350 0.0312
0.1355 0.0312
0.1360 0.0306
0.1365 0.0306
0.1370 0.0301
0.1375 0.0300
0.1380 0.0295
0.1385 0.0294
0.1390 0.0289
0.1395 0.0288
0.1400 0.0283
0.1405 0.0282
0.1409 0.0277
0.1415 0.0277
0.1438 0.0249
0.1438 0.0243
0.1447 0.0232
0.1447 0.0227
0.1451 0.0221
0.1450 0.0211
0.1460 0.0199
0.1459 0.0189
0.1464 0.0183
0.1463 0.0178
0.1457 0.0173
0.1457 0.0168
0.1451 0.0162
0.1447 0.0120
0.1442 0.0115
0.1441 0.0110
0.1430 0.0099
0.1429 0.0094
0.1424 0.0089
0.1423 0.0084
0.1412 0.0074
0.1411 0.0068
0.1365 0.0028
0.1360 0.0028
0.1354 0.0023
0.1349 0.0023
0.1332 0.0008
0.1327 0.0008
0.1298 -0.0017
0.1297 -0.0023
0.1274 -0.0043
0.1272 -0.0065
0.1277 -0.0071
0.1270 -0.0141
0.1275 -0.0147
0.1271 -0.0191
0.1276 -0.0196
0.1271 -0.0246
0.1265 -0.0251
0.1265 -0.0257
0.1269 -0.0262
0.1265 -0.0312
0.1269 -0.0318
0.1268 -0.0329
0.1262 -0.0334
0.1261 -0.0345
0.1266 -0.0351
0.1266 -0.0356
0.1271 -0.0362
0.1270 -0.0368
0.1264 -0.0373
0.1263 -0.0390
0.1267 -0.0395
0.1265 -0.0418
0.1270 -0.0423
0.1270 -0.0429
0.1274 -0.0435
0.1274 -0.0440
0.1268 -0.0446
0.1267 -0.0457
0.1272 -0.0463
0.1271 -0.0468
0.1276 -0.0474
0.1273 -0.0502
0.1278 -0.0508
0.1273 -0.0564
0.1278 -0.0569
0.1273 -0.0620
0.1278 -0.0626
0.1273 -0.0677
0.1278 -0.0683
0.1277 -0.0694
0.1282 -0.0700
0.1280 -0.0722
0.1285 -0.0728
0.1283 -0.0745
0.1288 -0.0751
0.1285 -0.0785
0.1279 -0.0791
0.1277 -0.0808
0.1282 -0.0814
0.1278 -0.0859
0.1283 -0.0865
0.1282 -0.0877
0.1287 -0.0883
0.1282 -0.0934
0.1287 -0.0940
0.1284 -0.0975
0.1288 -0.0981
0.1286 -0.1004
0.1280 -0.1010
0.1277 -0.1044
0.1271 -0.1050
0.1270 -0.1061
0.1264 -0.1067
0.1264 -0.1073
0.1247 -0.1072
0.1241 -0.1078
0.1181 -0.1076
0.1175 -0.1082
0.1169 -0.1082
0.1164 -0.1076
0.1082 -0.1073
0.1076 -0.1079
0.1032 -0.1077
0.1027 -0.1071
0.1010 -0.1071
0.1005 -0.1065
0.1000 -0.1065
0.0995 -0.1059
0.0989 -0.1059
0.0985 -0.1053
0.0979 -0.1052
0.0954 -0.1022
0.0949 -0.1022
0.0939 -0.1010
0.0933 -0.1010
0.0924 -0.0998
0.0918 -0.0998
0.0903 -0.0980
0.0898 -0.0980
0.0873 -0.0950
0.0868 -0.0950
0.0843 -0.0920
0.0838 -0.0919
0.0828 -0.0907
0.0822 -0.0907
0.0812 -0.0895
0.0807 -0.0895
0.0797 -0.0883
0.0791 -0.0883
0.0787 -0.0877
0.0781 -0.0877
0.0776 -0.0871
0.0743 -0.0870
0.0737 -0.0875
0.0725 -0.0875
0.0682 -0.0914
0.0676 -0.0914
0.0614 -0.0970
0.0608 -0.0970
0.0595 -0.0982
0.0590 -0.0981
0.0539 -0.1027
0.0534 -0.1027
0.0527 -0.1033
0.0522 -0.1032
0.0490 -0.1061
0.0484 -0.1061
0.0478 -0.1067
0.0472 -0.1066
0.0466 -0.1072
0.0460 -0.1072
0.0454 -0.1078
0.0443 -0.1077
0.0436 -0.1083
0.0425 -0.1083
0.0418 -0.1089
0.0350 -0.1086
0.0344 -0.1092
0.0332 -0.1092
0.0326 -0.1098
0.0286 -0.1097
0.0281 -0.1090
0.0241 -0.1089
0.0235 -0.1095
0.0223 -0.1095
0.0217 -0.1100
0.0211 -0.1100
0.0206 -0.1094
0.0200 -0.1094
0.0195 -0.1088
0.0189 -0.1088
0.0183 -0.1093
0.0125 -0.1092
0.0120 -0.1086
-0.0030 -0.1081
-0.0036 -0.1087
-0.0135 -0.1084
-0.0142 -0.1090
-0.0153 -0.1090
-0.0158 -0.1083
-0.0293 -0.1079
-0.0299 -0.1085
-0.0304 -0.1079
-0.0310 -0.1079
-0.0315 -0.1073
-0.0333 -0.1072
-0.0340 -0.1078
-0.0346 -0.1078
-0.0352 -0.1084
-0.0488 -0.1080
-0.0495 -0.1086
-0.0584 -0.1083
-0.0589 -0.1077
-0.0612 -0.1076
-0.0622 -0.1064
-0.0620 -0.1045
-0.0625 -0.1039
-0.0621 -0.1015
-0.0626 -0.1009
-0.0622 -0.0985
-0.0627 -0.0978
-0.0626 -0.0972
-0.0631 -0.0966
-0.0630 -0.0960
-0.0635 -0.0954
-0.0632 -0.0936
-0.0625 -0.0930
-0.0635 -0.0918
-0.0633 -0.0906
-0.0638 -0.0899
-0.0636 -0.0887
-0.0641 -0.0881
-0.0640 -0.0875
-0.0655 -0.0857
-0.0667 -0.0856
-0.0672 -0.0850
-0.0720 -0.0848
-0.0726 -0.0854
-0.0798 -0.0852
-0.0805 -0.0858
-0.0823 -0.0857
-0.0828 -0.0851
-0.0851 -0.0850
-0.0858 -0.0856
-0.0864 -0.0856
-0.0871 -0.0861
-0.0973 -0.0858
-0.0980 -0.0864
-0.1004 -0.0863
-0.1025 -0.0880
-0.1026 -0.0887
-0.1033 -0.0892
-0.1039 -0.0923
-0.1034 -0.0929
-0.1039 -0.0959
-0.1034 -0.0966
-0.1038 -0.0990
-0.1033 -0.0996
-0.1037 -0.1021
-0.1032 -0.1027
-0.1036 -0.1051
-0.1051 -0.1063
-0.1142 -0.1060
-0.1149 -0.1066
-0.1167 -0.1066
-0.1172 -0.1060
-0.1209 -0.1059
-0.1216 -0.1064
-0.1259 -0.1063
-0.1264 -0.1057
-0.1288 -0.1056
-0.1295 -0.1062
-0.1345 -0.1061
-0.1352 -0.1067
-0.1500 -0.1062
-0.1507 -0.1068
-0.1519 -0.1068
-0.1527 -0.1074
-0.1539 -0.1074
-0.1544 -0.1067
-0.1650 -0.1064
-0.1655 -0.1058
-0.1686 -0.1057
-0.1696 -0.1044
-0.1702 -0.1044
-0.1707 -0.1038
-0.1713 -0.1037
-0.1723 -0.1025
-0.1722 -0.1018
-0.1727 -0.1012
-0.1725 -0.1000
-0.1730 -0.0993
-0.1729 -0.0987
-0.1734 -0.0981
-0.1732 -0.0975
-0.1737 -0.0968
-0.1733 -0.0944
-0.1738 -0.0937
-0.1734 -0.0919
-0.1739 -0.0912
-0.1734 -0.0888
-0.1739 -0.0881
-0.1736 -0.0863
-0.1741 -0.0857
-0.1735 -0.0826
-0.1740 -0.0820
-0.1735 -0.0795
-0.1740 -0.0789
-0.1734 -0.0758
-0.1739 -0.0752
-0.1734 -0.0728
-0.1739 -0.0721
-0.1725 -0.0649
-0.1729 -0.0642
-0.1728 -0.0636
-0.1733 -0.0630
-0.1725 -0.0588
-0.1730 -0.0582
-0.1727 -0.0569
-0.1732 -0.0563
-0.1726 -0.0533
-0.1731 -0.0527
-0.1727 -0.0503
-0.1732 -0.0497
-0.1726 -0.0467
-0.1718 -0.0461
-0.1723 -0.0455
-0.1717 -0.0425
-0.1722 -0.0419
-0.1721 -0.0413
-0.1726 -0.0407
-0.1724 -0.0395
-0.1729 -0.0388
-0.1725 -0.0371
-0.1730 -0.0364
-0.1728 -0.0353
-0.1733 -0.0346
-0.1728 -0.0323
-0.1733 -0.0316
-0.1729 -0.0299
-0.1734 -0.0293
-0.1728 -0.0263
-0.1733 -0.0257
-0.1726 -0.0221
-0.1731 -0.0215
-0.1723 -0.0174
-0.1728 -0.0168
-0.1719 -0.0127
-0.1724 -0.0121
-0.1719 -0.0098
-0.1724 -0.0091
-0.1719 -0.0062
-0.1723 -0.0056
-0.1719 -0.0033
-0.1724 -0.0027
-0.1719 -0.0004
-0.1724 0.0003
-0.1720 0.0020
-0.1725 0.0026
-0.1720 0.0049
-0.1725 0.0055
-0.1722 0.0073
-0.1727 0.0079
-0.1720 0.0113
-0.1725 0.0119
-0.1718 0.0154
-0.1722 0.0160
-0.1721 0.0166
-0.1726 0.0172
-0.1724 0.0183
-0.1729 0.0189
-0.1725 0.0206
-0.1730 0.0212
-0.1725 0.0235
-0.1730 0.0241
-0.1724 0.0270
-0.1729 0.0276
-0.1728 0.0282
-0.1721 0.0287
-0.1720 0.0293
-0.1712 0.0298
-0.1711 0.0304
-0.1683 0.0325
-0.1682 0.0331
-0.1646 0.0357
-0.1645 0.0363
-0.1595 0.0400
-0.1594 0.0405
-0.1587 0.0411
-0.1586 0.0416
-0.1579 0.0421
-0.1578 0.0427
-0.1571 0.0432
-0.1569 0.0444
-0.1562 0.0449
-0.1557 0.0471
-0.1550 0.0476
-0.1549 0.0482
-0.1542 0.0487
-0.1538 0.0510
-0.1531 0.0515
-0.1527 0.0531
-0.1532 0.0537
-0.1525 0.0571
-0.1518 0.0576
-0.1517 0.0582
-0.1522 0.0587
-0.1521 0.0593
-0.1514 0.0598
-0.1524 0.0610
-0.1516 0.0649
-0.1525 0.0661
-0.1524 0.0666
-0.1529 0.0672
-0.1528 0.0677
-0.1533 0.0683
-0.1530 0.0694
-0.1540 0.0706
-0.1538 0.0717
-0.1543 0.0723
-0.1541 0.0729
-0.1546 0.0734
-0.1544 0.0745
-0.1549 0.0751
-0.1548 0.0757
-0.1557 0.0769
-0.1556 0.0774
-0.1570 0.0792
-0.1569 0.0797
-0.1593 0.0827
-0.1592 0.0832
-0.1601 0.0844
-0.1600 0.0849
-0.1646 0.0913
-0.1652 0.0914
-0.1662 0.0926
-0.1668 0.0926
-0.1682 0.0944
-0.1688 0.0944
-0.1697 0.0956
-0.1703 0.0956
-0.1727 0.0985
-0.1725 0.0991
-0.1730 0.0997
-0.1728 0.1007
-0.1733 0.1013
-0.1728 0.1035
-0.1733 0.1041
-0.1729 0.1057
-0.1734 0.1063
-0.1728 0.1090
-0.1733 0.1096
-0.1732 0.1101
-0.1737 0.1107
-0.1734 0.1118
-0.1739 0.1123
-0.1733 0.1150
-0.1726 0.1155
-0.1725 0.1161
-0.1735 0.1172
-0.1734 0.1177
-0.1738 0.1183
-0.1734 0.1205
-0.1738 0.1210
-0.1735 0.1226
-0.1740 0.1232
-0.1734 0.1259
-0.1739 0.1265
-0.1733 0.1291
-0.1738 0.1297
-0.1733 0.1318
-0.1738 0.1324
-0.1732 0.1351
-0.1737 0.1356
-0.1734 0.1372
-0.1738 0.1378
-0.1734 0.1399
-0.1739 0.1405
-0.1734 0.1426
-0.1739 0.1432
-0.1731 0.1468
-0.1736 0.1474
-0.1734 0.1479
-0.1728 0.1484
-0.1725 0.1495
-0.1718 0.1499
-0.1717 0.1505
-0.1710 0.1509
-0.1709 0.1515
-0.1692 0.1513
-0.1685 0.1518
-0.1674 0.1517
-0.1667 0.1522
-0.1655 0.1521
-0.1651 0.1515
-0.1611 0.1512
-0.1604 0.1516
-0.1541 0.1511
-0.1534 0.1516
-0.1517 0.1514
-0.1510 0.1519
-0.1470 0.1516
-0.1466 0.1510
-0.1397 0.1504
-0.1391 0.1509
-0.1351 0.1506
-0.1344 0.1510
-0.1242 0.1502
-0.1238 0.1496
-0.1231 0.1501
-0.1180 0.1496
-0.1174 0.1501
-0.1168 0.1501
-0.1162 0.1505
-0.1145 0.1504
-0.1138 0.1509
-0.1110 0.1506
-0.1106 0.1501
-0.1061 0.1497
-0.1054 0.1501
-0.1009 0.1498
-0.1003 0.1502
-0.0997 0.1502
-0.0991 0.1507
-0.0885 0.1498
-0.0879 0.1502
-0.0818 0.1497
-0.0811 0.1502
-0.0762 0.1497
-0.0757 0.1492
-0.0746 0.1491
-0.0740 0.1496
-0.0729 0.1495
-0.0722 0.1499
-0.0689 0.1496
-0.0683 0.1501
-0.0677 0.1501
-0.0671 0.1505
-0.0660 0.1504
-0.0654 0.1509
-0.0649 0.1503
-0.0627 0.1501
-0.0621 0.1506
-0.0610 0.1505
-0.0603 0.1510
-0.0571 0.1507
-0.0564 0.1512
-0.0559 0.1511
-0.0552 0.1516
-0.0531 0.1514
-0.0526 0.1508
-0.0515 0.1507
-0.0509 0.1512
-0.0498 0.1511
-0.0492 0.1516
-0.0481 0.1515
-0.0474 0.1519
-0.0426 0.1515
-0.0419 0.1520
-0.0365 0.1515
-0.0359 0.1520
-0.0337 0.1518
-0.0331 0.1522
-0.0326 0.1522
-0.0319 0.1526
-0.0282 0.1523
-0.0275 0.1528
-0.0270 0.1527
-0.0265 0.1522
-0.0201 0.1516
-0.0195 0.1521
-0.0147 0.1517
-0.0140 0.1521
-0.0076 0.1515
-0.0070 0.1520
-0.0066 0.1515
-0.0039 0.1512
-0.0033 0.1517
-0.0027 0.1516
-0.0021 0.1521
0.0005 0.1519
0.0011 0.1523
0.0043 0.1520
0.0049 0.1525
0.0059 0.1519
0.0065 0.1523
0.0102 0.1520
0.0108 0.1525
0.0151 0.1521
0.0156 0.1526
0.0199 0.1522
0.0205 0.1526
0.0263 0.1521
0.0267 0.1516
0.0278 0.1515
0.0284 0.1519
0.0325 0.1516
0.0331 0.1520
0.0358 0.1518
0.0363 0.1523
0.0369 0.1522
0.0375 0.1527
0.0468 0.1518
0.0474 0.1523
0.0516 0.1519
0.0522 0.1524
0.0568 0.1519
0.0574 0.1524
0.0610 0.1521
0.0616 0.1525
0.0621 0.1520
0.0646 0.1518
0.0652 0.1522
0.0663 0.1521
0.0668 0.1526
0.0704 0.1522
0.0710 0.1527
0.0756 0.1523
0.0762 0.1527
0.0767 0.1527
0.0772 0.1521
0.0782 0.1520
0.0788 0.1525
0.0798 0.1524
0.0804 0.1528
0.0839 0.1525
0.0845 0.1530
0.0891 0.1526
0.0897 0.1530
0.0937 0.1526
0.0943 0.1531
0.0968 0.1529
0.0974 0.1533
0.0979 0.1533
0.0985 0.1537
0.0990 0.1537
0.0995 0.1541
0.1036 0.1537
0.1040 0.1532
0.1076 0.1529
0.1081 0.1533
0.1092 0.1532
0.1097 0.1537
0.1102 0.1536
0.1108 0.1541
0.1143 0.1538
0.1148 0.1542
0.1174 0.1540
0.1179 0.1544
0.1214 0.1541
0.1219 0.1536
0.1259 0.1532
0.1264 0.1536
0.1319 0.1531
0.1325 0.1536
0.1370 0.1532
0.1375 0.1536
0.1395 0.1534
0.1400 0.1529
0.1429 0.1526
0.1434 0.1521
0.1459 0.1519
0.1468 0.1508
