Boundary height (m): 0.0200

Boundary (x, y) points transformed on the world xy plane (m):
-0.1188 -0.0061
-0.1222 -0.0088
-0.1223 -0.0094
-0.1230 -0.0099
-0.1232 -0.0105
-0.1239 -0.0111
-0.1241 -0.0122
-0.1248 -0.0128
-0.1250 -0.0139
-0.1257 -0.0145
-0.1266 -0.0191
-0.1261 -0.0197
-0.1262 -0.0203
-0.1257 -0.0209
-0.1259 -0.0221
-0.1254 -0.0227
-0.1256 -0.0238
-0.1242 -0.0257
-0.1243 -0.0262
-0.1228 -0.0281
-0.1229 -0.0286
-0.1225 -0.0293
-0.1219 -0.0293
-0.1220 -0.0299
-0.1215 -0.0305
-0.1209 -0.0305
-0.1189 -0.0329
-0.1183 -0.0330
-0.1174 -0.0342
-0.1162 -0.0342
-0.1157 -0.0348
-0.1133 -0.0349
-0.1128 -0.0355
-0.1110 -0.0356
-0.1106 -0.0362
-0.1070 -0.0364
-0.1063 -0.0358
-0.1039 -0.0359
-0.1032 -0.0354
-0.1021 -0.0354
-0.1014 -0.0348
-0.1008 -0.0349
-0.0973 -0.0321
-0.0972 -0.0315
-0.0958 -0.0304
-0.0956 -0.0292
-0.0949 -0.0287
-0.0948 -0.0281
-0.0941 -0.0275
-0.0937 -0.0252
-0.0930 -0.0247
-0.0926 -0.0224
-0.0931 -0.0218
-0.0926 -0.0189
-0.0931 -0.0183
-0.0929 -0.0171
-0.0934 -0.0165
-0.0933 -0.0160
-0.0943 -0.0148
-0.0942 -0.0142
-0.0951 -0.0130
-0.0950 -0.0124
-0.0984 -0.0082
-0.0990 -0.0082
-0.1004 -0.0064
-0.1016 -0.0063
-0.1026 -0.0051
-0.1032 -0.0051
-0.1036 -0.0045
-0.1054 -0.0044
-0.1059 -0.0038
-0.1123 -0.0035
-0.1130 -0.0040
-0.1142 -0.0040
-0.1149 -0.0045
-0.1155 -0.0045
-0.1162 -0.0050
-0.1168 -0.0050
-0.1182 -0.0061
-0.1188 -0.0061
