Boundary height (m): 0.0200

Boundary (x, y) points transformed on the world xy plane (m):
0.0277 -0.0187
0.0266 -0.0187
0.0260 -0.0192
0.0254 -0.0192
0.0248 -0.0197
0.0243 -0.0197
0.0236 -0.0202
0.0231 -0.0202
0.0225 -0.0207
0.0219 -0.0207
0.0213 -0.0212
0.0207 -0.0212
0.0201 -0.0217
0.0195 -0.0217
0.0189 -0.0222
0.0183 -0.0222
0.0177 -0.0228
0.0171 -0.0227
0.0146 -0.0249
0.0141 -0.0249
0.0134 -0.0254
0.0129 -0.0254
0.0122 -0.0259
0.0117 -0.0259
0.0110 -0.0264
0.0105 -0.0264
0.0098 -0.0269
0.0093 -0.0269
0.0086 -0.0275
0.0081 -0.0274
0.0068 -0.0285
0.0062 -0.0285
0.0043 -0.0301
0.0038 -0.0301
0.0031 -0.0306
0.0026 -0.0306
0.0019 -0.0311
0.0014 -0.0311
0.0007 -0.0317
0.0001 -0.0316
-0.0005 -0.0322
-0.0011 -0.0322
-0.0017 -0.0327
-0.0023 -0.0327
-0.0029 -0.0332
-0.0035 -0.0332
-0.0041 -0.0337
-0.0047 -0.0337
-0.0053 -0.0343
-0.0059 -0.0342
-0.0091 -0.0370
-0.0092 -0.0375
-0.0087 -0.0381
-0.0088 -0.0387
-0.0078 -0.0399
-0.0079 -0.0405
-0.0070 -0.0417
-0.0070 -0.0422
-0.0066 -0.0428
-0.0067 -0.0440
-0.0057 -0.0452
-0.0058 -0.0457
-0.0044 -0.0475
-0.0045 -0.0481
-0.0030 -0.0499
-0.0031 -0.0505
-0.0021 -0.0517
-0.0022 -0.0522
-0.0007 -0.0540
-0.0008 -0.0546
0.0002 -0.0558
0.0001 -0.0564
0.0015 -0.0582
0.0015 -0.0588
0.0024 -0.0600
0.0024 -0.0605
0.0033 -0.0617
0.0032 -0.0629
0.0046 -0.0647
0.0046 -0.0653
0.0055 -0.0665
0.0055 -0.0671
0.0069 -0.0689
0.0068 -0.0695
0.0078 -0.0707
0.0077 -0.0712
0.0097 -0.0736
0.0114 -0.0737
0.0133 -0.0720
0.0139 -0.0720
0.0145 -0.0715
0.0151 -0.0715
0.0158 -0.0709
0.0163 -0.0709
0.0170 -0.0704
0.0175 -0.0704
0.0182 -0.0698
0.0187 -0.0699
0.0194 -0.0693
0.0199 -0.0693
0.0212 -0.0682
0.0218 -0.0682
0.0231 -0.0671
0.0236 -0.0671
0.0243 -0.0666
0.0248 -0.0666
0.0255 -0.0660
0.0260 -0.0661
0.0267 -0.0655
0.0272 -0.0655
0.0279 -0.0650
0.0284 -0.0650
0.0291 -0.0644
0.0296 -0.0644
0.0303 -0.0639
0.0308 -0.0639
0.0327 -0.0622
0.0333 -0.0623
0.0339 -0.0617
0.0345 -0.0617
0.0351 -0.0612
0.0357 -0.0612
0.0369 -0.0601
0.0380 -0.0601
0.0393 -0.0590
0.0404 -0.0591
0.0410 -0.0585
0.0416 -0.0585
0.0435 -0.0569
0.0440 -0.0569
0.0459 -0.0553
0.0461 -0.0541
0.0456 -0.0535
0.0456 -0.0530
0.0452 -0.0524
0.0452 -0.0518
0.0433 -0.0494
0.0434 -0.0489
0.0429 -0.0483
0.0430 -0.0477
0.0425 -0.0471
0.0425 -0.0465
0.0411 -0.0448
0.0412 -0.0442
0.0402 -0.0430
0.0403 -0.0425
0.0388 -0.0407
0.0389 -0.0401
0.0384 -0.0395
0.0385 -0.0390
0.0380 -0.0384
0.0381 -0.0378
0.0371 -0.0366
0.0372 -0.0361
0.0357 -0.0343
0.0358 -0.0337
0.0344 -0.0320
0.0344 -0.0314
0.0340 -0.0308
0.0340 -0.0303
0.0335 -0.0297
0.0336 -0.0291
0.0327 -0.0280
0.0327 -0.0274
0.0318 -0.0262
0.0318 -0.0257
0.0304 -0.0239
0.0305 -0.0233
0.0300 -0.0228
0.0301 -0.0222
0.0296 -0.0216
0.0297 -0.0210
0.0277 -0.0187
