Boundary height (m): 0.0200

Boundary (x, y) points transformed on the world xy plane (m):
0.0873 0.0605
0.0867 0.0600
0.0862 0.0600
0.0844 0.0586
0.0812 0.0349
0.0806 0.0344
0.0799 0.0286
0.0804 0.0280
0.0798 0.0275
0.0797 0.0264
0.0801 0.0259
0.0781 0.0076
0.0775 0.0071
0.0771 0.0038
0.0776 0.0032
0.0757 -0.0126
0.0767 -0.0138
0.0794 -0.0139
0.0799 -0.0145
0.0842 -0.0147
0.0848 -0.0142
0.0848 -0.0136
0.0854 -0.0131
0.0873 0.0038
0.0868 0.0044
0.0873 0.0087
0.0879 0.0092
0.0898 0.0264
0.0904 0.0269
0.0910 0.0327
0.0906 0.0333
0.0913 0.0402
0.0919 0.0407
0.0926 0.0422
0.0922 0.0428
0.0924 0.0454
0.0930 0.0459
0.0944 0.0585
0.0935 0.0596
0.0888 0.0599
0.0883 0.0604
0.0873 0.0605
