Boundary height (m): 0.0200

Boundary (x, y) points transformed on the world xy plane (m):
-0.0701 0.1095
-0.0708 0.1090
-0.0713 0.1090
-0.0720 0.1085
-0.0725 0.1086
-0.0732 0.1081
-0.0737 0.1081
-0.0750 0.1072
-0.0756 0.1072
-0.0769 0.1063
-0.0774 0.1063
-0.0781 0.1058
-0.0787 0.1058
-0.0806 0.1044
-0.0812 0.1044
-0.0825 0.1035
-0.0830 0.1035
-0.0936 0.0957
-0.0937 0.0952
-0.0963 0.0932
-0.0964 0.0927
-0.0984 0.0912
-0.0986 0.0901
-0.0993 0.0896
-0.0995 0.0885
-0.1001 0.0880
-0.1002 0.0875
-0.1016 0.0865
-0.1019 0.0849
-0.1025 0.0844
-0.1028 0.0828
-0.1035 0.0823
-0.1042 0.0785
-0.1049 0.0780
-0.1080 0.0612
-0.1075 0.0606
-0.1078 0.0590
-0.1074 0.0584
-0.1077 0.0568
-0.1072 0.0562
-0.1074 0.0551
-0.1069 0.0545
-0.1070 0.0539
-0.1066 0.0534
-0.1067 0.0528
-0.1052 0.0511
-0.1024 0.0509
-0.1017 0.0514
-0.1000 0.0513
-0.0993 0.0518
-0.0987 0.0518
-0.0967 0.0533
-0.0964 0.0550
-0.0969 0.0555
-0.0967 0.0566
-0.0971 0.0572
-0.0951 0.0686
-0.0955 0.0692
-0.0949 0.0697
-0.0938 0.0757
-0.0931 0.0762
-0.0928 0.0778
-0.0922 0.0783
-0.0920 0.0793
-0.0913 0.0798
-0.0912 0.0804
-0.0905 0.0809
-0.0903 0.0820
-0.0897 0.0825
-0.0896 0.0830
-0.0889 0.0835
-0.0888 0.0840
-0.0868 0.0855
-0.0867 0.0860
-0.0854 0.0870
-0.0853 0.0876
-0.0840 0.0886
-0.0839 0.0891
-0.0813 0.0911
-0.0812 0.0916
-0.0779 0.0940
-0.0774 0.0940
-0.0761 0.0950
-0.0755 0.0949
-0.0742 0.0959
-0.0736 0.0959
-0.0730 0.0964
-0.0724 0.0963
-0.0711 0.0973
-0.0706 0.0973
-0.0699 0.0978
-0.0688 0.0977
-0.0682 0.0982
-0.0670 0.0981
-0.0664 0.0986
-0.0647 0.0984
-0.0641 0.0989
-0.0613 0.0987
-0.0607 0.0992
-0.0590 0.0991
-0.0584 0.0996
-0.0479 0.0988
-0.0474 0.0983
-0.0452 0.0981
-0.0447 0.0975
-0.0431 0.0974
-0.0426 0.0969
-0.0410 0.0967
-0.0405 0.0962
-0.0399 0.0961
-0.0395 0.0956
-0.0384 0.0955
-0.0379 0.0949
-0.0374 0.0949
-0.0369 0.0943
-0.0353 0.0942
-0.0348 0.0936
-0.0342 0.0936
-0.0338 0.0930
-0.0332 0.0930
-0.0323 0.0919
-0.0317 0.0918
-0.0313 0.0913
-0.0307 0.0912
-0.0298 0.0901
-0.0293 0.0901
-0.0288 0.0895
-0.0282 0.0895
-0.0278 0.0889
-0.0272 0.0889
-0.0268 0.0883
-0.0262 0.0883
-0.0253 0.0871
-0.0247 0.0871
-0.0238 0.0860
-0.0233 0.0859
-0.0223 0.0848
-0.0218 0.0848
-0.0167 0.0786
-0.0167 0.0780
-0.0153 0.0763
-0.0154 0.0758
-0.0145 0.0747
-0.0146 0.0741
-0.0136 0.0730
-0.0137 0.0725
-0.0133 0.0719
-0.0133 0.0714
-0.0129 0.0708
-0.0130 0.0698
-0.0121 0.0686
-0.0123 0.0670
-0.0119 0.0665
-0.0120 0.0654
-0.0116 0.0648
-0.0117 0.0638
-0.0112 0.0632
-0.0115 0.0616
-0.0110 0.0610
-0.0113 0.0589
-0.0109 0.0583
-0.0112 0.0562
-0.0107 0.0556
-0.0112 0.0524
-0.0107 0.0518
-0.0111 0.0497
-0.0117 0.0492
-0.0122 0.0454
-0.0129 0.0449
-0.0130 0.0438
-0.0137 0.0433
-0.0138 0.0428
-0.0144 0.0423
-0.0145 0.0417
-0.0151 0.0412
-0.0152 0.0407
-0.0158 0.0402
-0.0159 0.0396
-0.0165 0.0391
-0.0166 0.0386
-0.0173 0.0381
-0.0173 0.0375
-0.0180 0.0370
-0.0181 0.0365
-0.0200 0.0349
-0.0201 0.0344
-0.0213 0.0334
-0.0214 0.0328
-0.0266 0.0287
-0.0271 0.0287
-0.0284 0.0277
-0.0290 0.0277
-0.0296 0.0272
-0.0307 0.0273
-0.0320 0.0262
-0.0326 0.0263
-0.0332 0.0257
-0.0343 0.0258
-0.0350 0.0253
-0.0356 0.0253
-0.0362 0.0248
-0.0368 0.0248
-0.0374 0.0243
-0.0380 0.0243
-0.0386 0.0238
-0.0392 0.0239
-0.0398 0.0233
-0.0404 0.0234
-0.0411 0.0228
-0.0422 0.0229
-0.0428 0.0224
-0.0434 0.0224
-0.0460 0.0203
-0.0463 0.0187
-0.0458 0.0181
-0.0460 0.0170
-0.0455 0.0164
-0.0456 0.0158
-0.0451 0.0152
-0.0452 0.0147
-0.0447 0.0141
-0.0449 0.0130
-0.0439 0.0118
-0.0434 0.0118
-0.0429 0.0112
-0.0412 0.0111
-0.0406 0.0116
-0.0394 0.0116
-0.0388 0.0121
-0.0382 0.0121
-0.0376 0.0126
-0.0364 0.0125
-0.0358 0.0131
-0.0352 0.0130
-0.0346 0.0136
-0.0340 0.0135
-0.0333 0.0141
-0.0328 0.0140
-0.0321 0.0146
-0.0316 0.0145
-0.0309 0.0150
-0.0298 0.0150
-0.0291 0.0155
-0.0286 0.0155
-0.0279 0.0160
-0.0274 0.0160
-0.0267 0.0165
-0.0262 0.0165
-0.0255 0.0170
-0.0250 0.0170
-0.0237 0.0180
-0.0231 0.0180
-0.0218 0.0190
-0.0213 0.0190
-0.0193 0.0205
-0.0188 0.0205
-0.0124 0.0257
-0.0123 0.0262
-0.0098 0.0283
-0.0097 0.0288
-0.0084 0.0299
-0.0083 0.0304
-0.0077 0.0309
-0.0076 0.0315
-0.0070 0.0320
-0.0069 0.0325
-0.0063 0.0330
-0.0062 0.0336
-0.0056 0.0341
-0.0055 0.0346
-0.0049 0.0351
-0.0048 0.0357
-0.0042 0.0362
-0.0040 0.0373
-0.0034 0.0378
-0.0032 0.0389
-0.0026 0.0394
-0.0023 0.0410
-0.0017 0.0415
-0.0016 0.0426
-0.0009 0.0431
0.0000 0.0495
0.0006 0.0500
0.0012 0.0538
0.0007 0.0544
0.0016 0.0608
0.0012 0.0613
0.0013 0.0624
0.0009 0.0630
0.0011 0.0645
0.0006 0.0651
0.0007 0.0656
0.0002 0.0662
0.0003 0.0667
-0.0002 0.0673
-0.0001 0.0678
-0.0005 0.0684
-0.0005 0.0689
-0.0009 0.0695
-0.0009 0.0700
-0.0013 0.0706
-0.0012 0.0716
-0.0016 0.0722
-0.0016 0.0727
-0.0020 0.0733
-0.0019 0.0738
-0.0024 0.0744
-0.0023 0.0749
-0.0037 0.0766
-0.0037 0.0771
-0.0041 0.0777
-0.0040 0.0782
-0.0045 0.0788
-0.0044 0.0793
-0.0049 0.0799
-0.0048 0.0804
-0.0057 0.0815
-0.0057 0.0821
-0.0071 0.0837
-0.0070 0.0843
-0.0098 0.0876
-0.0097 0.0882
-0.0167 0.0966
-0.0172 0.0966
-0.0181 0.0977
-0.0187 0.0978
-0.0201 0.0994
-0.0206 0.0995
-0.0215 0.1006
-0.0221 0.1006
-0.0225 0.1012
-0.0231 0.1012
-0.0240 0.1024
-0.0245 0.1024
-0.0250 0.1030
-0.0256 0.1030
-0.0265 0.1041
-0.0281 0.1042
-0.0286 0.1048
-0.0291 0.1048
-0.0296 0.1054
-0.0307 0.1055
-0.0311 0.1060
-0.0322 0.1061
-0.0327 0.1067
-0.0343 0.1068
-0.0348 0.1074
-0.0364 0.1075
-0.0369 0.1080
-0.0380 0.1081
-0.0384 0.1087
-0.0401 0.1088
-0.0406 0.1094
-0.0433 0.1096
-0.0438 0.1101
-0.0597 0.1113
-0.0603 0.1109
-0.0620 0.1110
-0.0626 0.1105
-0.0649 0.1107
-0.0655 0.1102
-0.0661 0.1102
-0.0667 0.1097
-0.0684 0.1099
-0.0690 0.1094
-0.0701 0.1095
