Boundary height (m): 0.0200

Boundary (x, y) points transformed on the world xy plane (m):
0.0791 0.1207
0.0781 0.1208
0.0776 0.1214
0.0761 0.1215
0.0743 0.1201
0.0743 0.1196
0.0737 0.1191
0.0736 0.1186
0.0731 0.1182
0.0730 0.1177
0.0724 0.1172
0.0723 0.1162
0.0711 0.1153
0.0711 0.1148
0.0705 0.1143
0.0704 0.1138
0.0699 0.1134
0.0698 0.1129
0.0692 0.1124
0.0692 0.1119
0.0686 0.1114
0.0685 0.1109
0.0679 0.1105
0.0679 0.1100
0.0673 0.1095
0.0672 0.1090
0.0666 0.1085
0.0666 0.1080
0.0660 0.1075
0.0659 0.1070
0.0654 0.1066
0.0653 0.1061
0.0647 0.1056
0.0646 0.1046
0.0634 0.1036
0.0634 0.1031
0.0628 0.1027
0.0627 0.1022
0.0621 0.1017
0.0621 0.1012
0.0615 0.1007
0.0614 0.1002
0.0608 0.0997
0.0608 0.0992
0.0602 0.0988
0.0601 0.0982
0.0595 0.0978
0.0595 0.0973
0.0589 0.0968
0.0588 0.0963
0.0582 0.0958
0.0581 0.0948
0.0569 0.0938
0.0568 0.0928
0.0562 0.0923
0.0561 0.0918
0.0555 0.0914
0.0555 0.0908
0.0549 0.0904
0.0547 0.0893
0.0536 0.0884
0.0534 0.0874
0.0528 0.0869
0.0528 0.0864
0.0522 0.0859
0.0521 0.0854
0.0515 0.0849
0.0514 0.0844
0.0503 0.0834
0.0502 0.0829
0.0496 0.0824
0.0495 0.0819
0.0489 0.0814
0.0489 0.0809
0.0483 0.0804
0.0482 0.0799
0.0476 0.0794
0.0475 0.0789
0.0469 0.0784
0.0469 0.0779
0.0463 0.0774
0.0462 0.0769
0.0456 0.0764
0.0455 0.0759
0.0449 0.0754
0.0448 0.0744
0.0442 0.0739
0.0441 0.0728
0.0435 0.0723
0.0434 0.0718
0.0428 0.0713
0.0427 0.0708
0.0421 0.0703
0.0421 0.0698
0.0415 0.0693
0.0414 0.0688
0.0408 0.0683
0.0407 0.0678
0.0401 0.0673
0.0400 0.0662
0.0394 0.0658
0.0393 0.0652
0.0381 0.0643
0.0380 0.0637
0.0374 0.0632
0.0373 0.0622
0.0367 0.0617
0.0364 0.0596
0.0369 0.0590
0.0374 0.0590
0.0383 0.0579
0.0389 0.0578
0.0394 0.0573
0.0399 0.0572
0.0404 0.0567
0.0409 0.0566
0.0413 0.0555
0.0434 0.0554
0.0440 0.0559
0.0441 0.0564
0.0453 0.0574
0.0454 0.0579
0.0460 0.0584
0.0461 0.0590
0.0467 0.0595
0.0468 0.0605
0.0480 0.0615
0.0481 0.0620
0.0487 0.0625
0.0487 0.0630
0.0493 0.0635
0.0494 0.0640
0.0500 0.0645
0.0501 0.0651
0.0507 0.0655
0.0507 0.0661
0.0513 0.0666
0.0514 0.0671
0.0520 0.0676
0.0520 0.0681
0.0526 0.0686
0.0528 0.0696
0.0534 0.0701
0.0535 0.0711
0.0541 0.0716
0.0542 0.0721
0.0554 0.0731
0.0554 0.0736
0.0560 0.0741
0.0561 0.0746
0.0567 0.0751
0.0567 0.0756
0.0573 0.0761
0.0574 0.0766
0.0580 0.0771
0.0581 0.0776
0.0586 0.0781
0.0587 0.0786
0.0593 0.0791
0.0594 0.0796
0.0600 0.0801
0.0600 0.0806
0.0606 0.0811
0.0607 0.0816
0.0613 0.0821
0.0613 0.0826
0.0619 0.0831
0.0620 0.0836
0.0626 0.0841
0.0626 0.0846
0.0632 0.0851
0.0633 0.0856
0.0639 0.0861
0.0639 0.0866
0.0645 0.0871
0.0646 0.0876
0.0652 0.0881
0.0652 0.0886
0.0664 0.0895
0.0665 0.0900
0.0671 0.0905
0.0671 0.0910
0.0677 0.0915
0.0678 0.0925
0.0684 0.0930
0.0685 0.0935
0.0691 0.0940
0.0692 0.0950
0.0698 0.0955
0.0698 0.0960
0.0704 0.0965
0.0705 0.0970
0.0711 0.0974
0.0711 0.0979
0.0717 0.0984
0.0718 0.0989
0.0724 0.0994
0.0724 0.0999
0.0730 0.1004
0.0731 0.1009
0.0736 0.1013
0.0737 0.1019
0.0743 0.1023
0.0743 0.1028
0.0749 0.1033
0.0750 0.1038
0.0761 0.1047
0.0762 0.1052
0.0768 0.1057
0.0769 0.1067
0.0775 0.1072
0.0775 0.1077
0.0787 0.1086
0.0787 0.1091
0.0793 0.1096
0.0794 0.1106
0.0800 0.1110
0.0801 0.1116
0.0812 0.1125
0.0813 0.1130
0.0819 0.1134
0.0820 0.1144
0.0826 0.1149
0.0826 0.1154
0.0832 0.1159
0.0834 0.1174
0.0825 0.1184
0.0819 0.1185
0.0815 0.1190
0.0810 0.1191
0.0801 0.1201
0.0795 0.1202
0.0791 0.1207
