Boundary height (m): 0.0200

Boundary (x, y) points transformed on the world xy plane (m):
0.1482 0.1500
0.1478 0.1462
0.1483 0.1456
0.1479 0.1413
0.1483 0.1408
0.1481 0.1388
0.1490 0.1378
0.1489 0.1368
0.1484 0.1364
0.1483 0.1349
0.1487 0.1344
0.1487 0.1339
0.1491 0.1334
0.1491 0.1329
0.1485 0.1325
0.1479 0.1256
0.1484 0.1251
0.1480 0.1207
0.1484 0.1202
0.1482 0.1182
0.1487 0.1177
0.1486 0.1172
0.1491 0.1167
0.1488 0.1137
0.1493 0.1132
0.1489 0.1087
0.1493 0.1082
0.1489 0.1037
0.1494 0.1032
0.1489 0.0977
0.1493 0.0972
0.1489 0.0927
0.1494 0.0921
0.1489 0.0866
0.1493 0.0861
0.1488 0.0805
0.1483 0.0801
0.1480 0.0775
0.1475 0.0771
0.1472 0.0735
0.1466 0.0731
0.1466 0.0725
0.1460 0.0721
0.1458 0.0695
0.1452 0.0691
0.1449 0.0660
0.1444 0.0655
0.1443 0.0645
0.1437 0.0640
0.1437 0.0635
0.1431 0.0630
0.1431 0.0625
0.1425 0.0620
0.1425 0.0615
0.1375 0.0572
0.1369 0.0572
0.1364 0.0568
0.1359 0.0568
0.1347 0.0558
0.1342 0.0559
0.1331 0.0549
0.1326 0.0549
0.1320 0.0544
0.1320 0.0539
0.1292 0.0515
0.1287 0.0515
0.1270 0.0501
0.1269 0.0496
0.1263 0.0491
0.1263 0.0485
0.1257 0.0481
0.1253 0.0434
0.1257 0.0428
0.1256 0.0418
0.1261 0.0412
0.1260 0.0407
0.1284 0.0379
0.1289 0.0379
0.1288 0.0374
0.1293 0.0368
0.1298 0.0368
0.1308 0.0357
0.1313 0.0356
0.1317 0.0351
0.1323 0.0350
0.1337 0.0334
0.1342 0.0334
0.1356 0.0317
0.1361 0.0317
0.1366 0.0311
0.1371 0.0311
0.1375 0.0305
0.1381 0.0305
0.1385 0.0299
0.1390 0.0299
0.1395 0.0293
0.1400 0.0293
0.1405 0.0288
0.1415 0.0287
0.1424 0.0276
0.1430 0.0275
0.1448 0.0253
0.1448 0.0248
0.1457 0.0237
0.1457 0.0232
0.1461 0.0226
0.1460 0.0215
0.1465 0.0210
0.1465 0.0205
0.1469 0.0199
0.1469 0.0194
0.1474 0.0188
0.1473 0.0183
0.1467 0.0178
0.1467 0.0173
0.1461 0.0168
0.1458 0.0131
0.1452 0.0126
0.1452 0.0120
0.1446 0.0115
0.1446 0.0110
0.1440 0.0105
0.1440 0.0100
0.1434 0.0094
0.1433 0.0089
0.1422 0.0079
0.1422 0.0074
0.1376 0.0033
0.1371 0.0033
0.1360 0.0023
0.1354 0.0024
0.1343 0.0013
0.1338 0.0014
0.1303 -0.0017
0.1303 -0.0022
0.1285 -0.0038
0.1283 -0.0059
0.1288 -0.0065
0.1280 -0.0146
0.1285 -0.0152
0.1280 -0.0201
0.1285 -0.0207
0.1282 -0.0245
0.1276 -0.0250
0.1275 -0.0256
0.1280 -0.0261
0.1278 -0.0283
0.1272 -0.0289
0.1272 -0.0294
0.1276 -0.0300
0.1276 -0.0305
0.1281 -0.0311
0.1280 -0.0322
0.1274 -0.0327
0.1272 -0.0344
0.1282 -0.0355
0.1281 -0.0361
0.1275 -0.0366
0.1272 -0.0399
0.1277 -0.0405
0.1276 -0.0416
0.1281 -0.0422
0.1280 -0.0427
0.1285 -0.0433
0.1279 -0.0439
0.1278 -0.0455
0.1283 -0.0461
0.1282 -0.0466
0.1287 -0.0472
0.1283 -0.0517
0.1287 -0.0523
0.1283 -0.0567
0.1288 -0.0573
0.1282 -0.0635
0.1287 -0.0641
0.1283 -0.0680
0.1293 -0.0692
0.1290 -0.0720
0.1295 -0.0726
0.1293 -0.0754
0.1298 -0.0760
0.1296 -0.0777
0.1290 -0.0783
0.1288 -0.0805
0.1293 -0.0811
0.1292 -0.0817
0.1286 -0.0822
0.1285 -0.0840
0.1290 -0.0845
0.1288 -0.0863
0.1293 -0.0868
0.1292 -0.0874
0.1297 -0.0880
0.1292 -0.0932
0.1297 -0.0937
0.1294 -0.0978
0.1299 -0.0984
0.1297 -0.0995
0.1292 -0.1001
0.1290 -0.1012
0.1285 -0.1018
0.1289 -0.1024
0.1288 -0.1035
0.1282 -0.1041
0.1282 -0.1047
0.1276 -0.1052
0.1274 -0.1070
0.1269 -0.1064
0.1263 -0.1070
0.1247 -0.1069
0.1241 -0.1075
0.1176 -0.1073
0.1171 -0.1067
0.1105 -0.1065
0.1099 -0.1071
0.1055 -0.1070
0.1049 -0.1075
0.1044 -0.1069
0.1033 -0.1069
0.1028 -0.1063
0.1012 -0.1063
0.1002 -0.1051
0.0991 -0.1050
0.0962 -0.1015
0.0956 -0.1014
0.0946 -0.1003
0.0941 -0.1002
0.0931 -0.0990
0.0926 -0.0990
0.0906 -0.0966
0.0900 -0.0966
0.0881 -0.0942
0.0875 -0.0942
0.0856 -0.0918
0.0850 -0.0918
0.0831 -0.0894
0.0825 -0.0894
0.0820 -0.0888
0.0815 -0.0888
0.0805 -0.0876
0.0800 -0.0876
0.0795 -0.0870
0.0789 -0.0870
0.0784 -0.0864
0.0762 -0.0863
0.0756 -0.0869
0.0739 -0.0868
0.0696 -0.0908
0.0690 -0.0908
0.0634 -0.0958
0.0629 -0.0958
0.0622 -0.0964
0.0622 -0.0970
0.0616 -0.0970
0.0610 -0.0975
0.0604 -0.0975
0.0554 -0.1021
0.0548 -0.1021
0.0536 -0.1032
0.0530 -0.1032
0.0505 -0.1055
0.0499 -0.1055
0.0493 -0.1061
0.0482 -0.1060
0.0469 -0.1072
0.0458 -0.1071
0.0451 -0.1077
0.0446 -0.1077
0.0439 -0.1083
0.0377 -0.1081
0.0371 -0.1087
0.0354 -0.1087
0.0347 -0.1092
0.0313 -0.1091
0.0307 -0.1097
0.0302 -0.1091
0.0296 -0.1091
0.0291 -0.1085
0.0263 -0.1084
0.0256 -0.1090
0.0239 -0.1090
0.0232 -0.1095
0.0221 -0.1095
0.0216 -0.1089
0.0136 -0.1087
0.0131 -0.1081
0.0016 -0.1078
0.0009 -0.1084
-0.0124 -0.1080
-0.0130 -0.1086
-0.0148 -0.1086
-0.0153 -0.1079
-0.0228 -0.1077
-0.0235 -0.1083
-0.0230 -0.1089
-0.0213 -0.1090
-0.0230 -0.1089
-0.0240 -0.1077
-0.0246 -0.1077
-0.0253 -0.1083
-0.0293 -0.1082
-0.0298 -0.1076
-0.0304 -0.1075
-0.0309 -0.1069
-0.0315 -0.1069
-0.0322 -0.1075
-0.0328 -0.1075
-0.0334 -0.1081
-0.0428 -0.1078
-0.0435 -0.1084
-0.0577 -0.1081
-0.0582 -0.1074
-0.0606 -0.1074
-0.0611 -0.1067
-0.0610 -0.1061
-0.0615 -0.1055
-0.0609 -0.1019
-0.0614 -0.1013
-0.0611 -0.0995
-0.0616 -0.0988
-0.0614 -0.0976
-0.0619 -0.0970
-0.0618 -0.0964
-0.0623 -0.0958
-0.0618 -0.0928
-0.0623 -0.0922
-0.0622 -0.0916
-0.0627 -0.0910
-0.0623 -0.0886
-0.0628 -0.0879
-0.0627 -0.0873
-0.0642 -0.0855
-0.0654 -0.0855
-0.0659 -0.0848
-0.0682 -0.0848
-0.0689 -0.0853
-0.0784 -0.0851
-0.0791 -0.0856
-0.0851 -0.0855
-0.0857 -0.0860
-0.0923 -0.0858
-0.0930 -0.0864
-0.0984 -0.0863
-0.0991 -0.0868
-0.0997 -0.0868
-0.1004 -0.0874
-0.1005 -0.0880
-0.1019 -0.0892
-0.1027 -0.0934
-0.1022 -0.0941
-0.1027 -0.0971
-0.1022 -0.0977
-0.1026 -0.1002
-0.1021 -0.1008
-0.1026 -0.1032
-0.1021 -0.1038
-0.1024 -0.1057
-0.1031 -0.1063
-0.1104 -0.1061
-0.1111 -0.1067
-0.1159 -0.1066
-0.1164 -0.1059
-0.1195 -0.1059
-0.1202 -0.1064
-0.1251 -0.1063
-0.1256 -0.1057
-0.1274 -0.1056
-0.1281 -0.1062
-0.1293 -0.1062
-0.1301 -0.1068
-0.1467 -0.1064
-0.1474 -0.1070
-0.1505 -0.1069
-0.1512 -0.1075
-0.1531 -0.1075
-0.1536 -0.1068
-0.1598 -0.1067
-0.1605 -0.1073
-0.1610 -0.1066
-0.1641 -0.1066
-0.1646 -0.1059
-0.1671 -0.1059
-0.1676 -0.1052
-0.1688 -0.1052
-0.1693 -0.1046
-0.1700 -0.1045
-0.1715 -0.1026
-0.1713 -0.1020
-0.1718 -0.1014
-0.1716 -0.1001
-0.1726 -0.0989
-0.1722 -0.0970
-0.1727 -0.0964
-0.1724 -0.0945
-0.1729 -0.0939
-0.1725 -0.0920
-0.1730 -0.0914
-0.1726 -0.0896
-0.1731 -0.0889
-0.1725 -0.0859
-0.1730 -0.0852
-0.1725 -0.0828
-0.1730 -0.0822
-0.1724 -0.0791
-0.1729 -0.0785
-0.1725 -0.0766
-0.1730 -0.0760
-0.1724 -0.0730
-0.1729 -0.0723
-0.1714 -0.0651
-0.1719 -0.0644
-0.1715 -0.0620
-0.1719 -0.0614
-0.1717 -0.0602
-0.1722 -0.0596
-0.1716 -0.0566
-0.1721 -0.0559
-0.1715 -0.0529
-0.1720 -0.0523
-0.1715 -0.0499
-0.1720 -0.0493
-0.1708 -0.0433
-0.1713 -0.0427
-0.1710 -0.0415
-0.1715 -0.0409
-0.1714 -0.0403
-0.1719 -0.0397
-0.1713 -0.0367
-0.1718 -0.0361
-0.1715 -0.0349
-0.1720 -0.0343
-0.1718 -0.0331
-0.1723 -0.0325
-0.1716 -0.0289
-0.1720 -0.0283
-0.1719 -0.0277
-0.1724 -0.0271
-0.1717 -0.0266
-0.1722 -0.0259
-0.1716 -0.0230
-0.1721 -0.0224
-0.1712 -0.0183
-0.1722 -0.0170
-0.1715 -0.0165
-0.1708 -0.0130
-0.1712 -0.0124
-0.1705 -0.0089
-0.1710 -0.0083
-0.1707 -0.0065
-0.1711 -0.0059
-0.1705 -0.0030
-0.1710 -0.0024
-0.1707 -0.0007
-0.1712 -0.0001
-0.1708 0.0017
-0.1713 0.0023
-0.1708 0.0046
-0.1713 0.0052
-0.1707 0.0081
-0.1712 0.0087
-0.1709 0.0098
-0.1714 0.0104
-0.1705 0.0150
-0.1710 0.0156
-0.1707 0.0168
-0.1712 0.0174
-0.1711 0.0180
-0.1716 0.0186
-0.1710 0.0214
-0.1715 0.0220
-0.1711 0.0237
-0.1716 0.0243
-0.1712 0.0260
-0.1717 0.0266
-0.1716 0.0272
-0.1709 0.0277
-0.1706 0.0289
-0.1699 0.0294
-0.1698 0.0300
-0.1692 0.0299
-0.1671 0.0315
-0.1670 0.0321
-0.1663 0.0326
-0.1661 0.0332
-0.1626 0.0358
-0.1625 0.0364
-0.1582 0.0396
-0.1581 0.0401
-0.1574 0.0407
-0.1573 0.0412
-0.1566 0.0418
-0.1565 0.0423
-0.1558 0.0428
-0.1557 0.0434
-0.1549 0.0439
-0.1546 0.0456
-0.1539 0.0461
-0.1537 0.0472
-0.1530 0.0478
-0.1525 0.0500
-0.1518 0.0505
-0.1513 0.0533
-0.1517 0.0539
-0.1515 0.0550
-0.1508 0.0555
-0.1503 0.0583
-0.1512 0.0595
-0.1509 0.0611
-0.1502 0.0616
-0.1501 0.0622
-0.1505 0.0628
-0.1503 0.0639
-0.1508 0.0645
-0.1507 0.0650
-0.1511 0.0656
-0.1510 0.0661
-0.1515 0.0667
-0.1513 0.0678
-0.1518 0.0684
-0.1516 0.0690
-0.1526 0.0701
-0.1524 0.0712
-0.1528 0.0718
-0.1527 0.0724
-0.1537 0.0735
-0.1535 0.0746
-0.1539 0.0752
-0.1538 0.0758
-0.1543 0.0764
-0.1542 0.0769
-0.1551 0.0781
-0.1550 0.0786
-0.1569 0.0810
-0.1568 0.0815
-0.1577 0.0827
-0.1576 0.0832
-0.1584 0.0849
-0.1583 0.0855
-0.1602 0.0878
-0.1608 0.0878
-0.1636 0.0913
-0.1642 0.0914
-0.1656 0.0931
-0.1662 0.0932
-0.1676 0.0949
-0.1682 0.0949
-0.1691 0.0961
-0.1697 0.0961
-0.1706 0.0973
-0.1705 0.0979
-0.1710 0.0984
-0.1709 0.0990
-0.1713 0.0996
-0.1711 0.1006
-0.1716 0.1012
-0.1712 0.1028
-0.1717 0.1034
-0.1712 0.1056
-0.1717 0.1061
-0.1711 0.1088
-0.1721 0.1100
-0.1717 0.1116
-0.1722 0.1122
-0.1719 0.1138
-0.1712 0.1143
-0.1709 0.1153
-0.1723 0.1171
-0.1718 0.1197
-0.1722 0.1203
-0.1718 0.1224
-0.1722 0.1230
-0.1717 0.1257
-0.1721 0.1262
-0.1717 0.1283
-0.1721 0.1289
-0.1717 0.1310
-0.1721 0.1316
-0.1716 0.1342
-0.1720 0.1348
-0.1716 0.1369
-0.1720 0.1375
-0.1717 0.1391
-0.1722 0.1396
-0.1716 0.1423
-0.1721 0.1428
-0.1717 0.1444
-0.1722 0.1450
-0.1715 0.1481
-0.1720 0.1487
-0.1718 0.1492
-0.1698 0.1506
-0.1686 0.1505
-0.1680 0.1510
-0.1674 0.1509
-0.1667 0.1514
-0.1661 0.1514
-0.1654 0.1518
-0.1637 0.1517
-0.1633 0.1511
-0.1575 0.1507
-0.1569 0.1511
-0.1517 0.1507
-0.1511 0.1512
-0.1499 0.1511
-0.1493 0.1516
-0.1470 0.1514
-0.1465 0.1508
-0.1431 0.1505
-0.1427 0.1500
-0.1415 0.1499
-0.1409 0.1503
-0.1352 0.1499
-0.1345 0.1504
-0.1289 0.1499
-0.1282 0.1504
-0.1243 0.1500
-0.1238 0.1495
-0.1193 0.1491
-0.1187 0.1496
-0.1159 0.1493
-0.1146 0.1503
-0.1112 0.1500
-0.1106 0.1505
-0.1089 0.1503
-0.1084 0.1498
-0.1017 0.1492
-0.1011 0.1497
-0.0989 0.1495
-0.0982 0.1500
-0.0977 0.1499
-0.0970 0.1504
-0.0937 0.1501
-0.0932 0.1496
-0.0882 0.1491
-0.0876 0.1496
-0.0837 0.1493
-0.0831 0.1497
-0.0765 0.1492
-0.0758 0.1497
-0.0753 0.1496
-0.0748 0.1491
-0.0721 0.1488
-0.0715 0.1493
-0.0704 0.1492
-0.0697 0.1497
-0.0664 0.1494
-0.0658 0.1499
-0.0653 0.1498
-0.0646 0.1503
-0.0630 0.1501
-0.0625 0.1496
-0.0620 0.1495
-0.0614 0.1500
-0.0603 0.1499
-0.0596 0.1504
-0.0569 0.1501
-0.0563 0.1506
-0.0546 0.1505
-0.0540 0.1509
-0.0486 0.1505
-0.0480 0.1509
-0.0474 0.1509
-0.0468 0.1513
-0.0441 0.1511
-0.0435 0.1516
-0.0375 0.1511
-0.0369 0.1515
-0.0331 0.1512
-0.0325 0.1517
-0.0314 0.1516
-0.0308 0.1520
-0.0292 0.1519
-0.0286 0.1524
-0.0243 0.1520
-0.0239 0.1514
-0.0207 0.1512
-0.0200 0.1516
-0.0163 0.1513
-0.0157 0.1518
-0.0093 0.1512
-0.0087 0.1517
-0.0060 0.1515
-0.0054 0.1519
-0.0050 0.1514
-0.0039 0.1513
-0.0035 0.1507
-0.0029 0.1507
-0.0023 0.1511
-0.0018 0.1511
-0.0012 0.1515
0.0004 0.1514
0.0010 0.1519
0.0047 0.1516
0.0053 0.1520
0.0106 0.1516
0.0112 0.1520
0.0154 0.1516
0.0160 0.1521
0.0196 0.1518
0.0202 0.1522
0.0239 0.1519
0.0245 0.1524
0.0271 0.1521
0.0276 0.1516
0.0323 0.1512
0.0328 0.1517
0.0370 0.1513
0.0376 0.1517
0.0381 0.1517
0.0387 0.1522
0.0392 0.1521
0.0398 0.1526
0.0414 0.1524
0.0418 0.1519
0.0475 0.1514
0.0481 0.1518
0.0517 0.1515
0.0523 0.1520
0.0574 0.1515
0.0580 0.1520
0.0611 0.1517
0.0617 0.1522
0.0637 0.1520
0.0642 0.1514
0.0647 0.1519
0.0673 0.1517
0.0679 0.1521
0.0704 0.1519
0.0710 0.1523
0.0761 0.1519
0.0767 0.1523
0.0782 0.1522
0.0787 0.1517
0.0792 0.1516
0.0797 0.1521
0.0808 0.1520
0.0813 0.1524
0.0854 0.1521
0.0854 0.1526
0.0885 0.1523
0.0890 0.1527
0.0936 0.1523
0.0942 0.1528
0.0977 0.1525
0.0982 0.1529
0.0987 0.1529
0.0993 0.1533
0.0998 0.1533
0.1004 0.1537
0.1054 0.1533
0.1058 0.1527
0.1084 0.1525
0.1089 0.1530
0.1104 0.1528
0.1110 0.1533
0.1115 0.1532
0.1120 0.1537
0.1145 0.1535
0.1151 0.1539
0.1186 0.1536
0.1191 0.1540
0.1231 0.1537
0.1235 0.1531
0.1270 0.1528
0.1276 0.1533
0.1296 0.1531
0.1301 0.1535
0.1380 0.1528
0.1386 0.1533
0.1405 0.1531
0.1410 0.1526
0.1444 0.1523
0.1449 0.1518
0.1468 0.1516
0.1482 0.1500
