Boundary height (m): 0.0200

Boundary (x, y) points transformed on the world xy plane (m):
0.1373 0.0296
0.1342 0.0292
0.1334 0.0284
0.1340 0.0270
0.1333 0.0262
0.1336 0.0255
0.1328 0.0247
0.1331 0.0240
0.1323 0.0231
0.1329 0.0218
0.1321 0.0210
0.1327 0.0196
0.1319 0.0188
0.1322 0.0181
0.1315 0.0172
0.1321 0.0159
0.1313 0.0150
0.1316 0.0144
0.1308 0.0135
0.1314 0.0122
0.1306 0.0113
0.1312 0.0100
0.1304 0.0091
0.1307 0.0084
0.1300 0.0076
0.1305 0.0062
0.1298 0.0054
0.1304 0.0040
0.1296 0.0032
0.1299 0.0025
0.1291 0.0017
0.1297 0.0003
0.1289 -0.0005
0.1295 -0.0019
0.1287 -0.0027
0.1290 -0.0034
0.1283 -0.0043
0.1294 -0.0070
0.1287 -0.0078
0.1290 -0.0085
0.1282 -0.0094
0.1288 -0.0107
0.1280 -0.0116
0.1283 -0.0123
0.1275 -0.0131
0.1281 -0.0145
0.1273 -0.0153
0.1279 -0.0167
0.1271 -0.0175
0.1277 -0.0189
0.1270 -0.0198
0.1273 -0.0204
0.1265 -0.0213
0.1271 -0.0226
0.1263 -0.0235
0.1269 -0.0249
0.1261 -0.0257
0.1264 -0.0264
0.1256 -0.0273
0.1265 -0.0293
0.1257 -0.0302
0.1263 -0.0315
0.1255 -0.0324
0.1258 -0.0331
0.1251 -0.0339
0.1257 -0.0353
0.1249 -0.0362
0.1255 -0.0375
0.1247 -0.0384
0.1250 -0.0391
0.1242 -0.0399
0.1248 -0.0413
0.1240 -0.0422
0.1249 -0.0442
0.1276 -0.0451
0.1287 -0.0449
0.1314 -0.0459
0.1324 -0.0457
0.1340 -0.0439
0.1337 -0.0432
0.1344 -0.0424
0.1342 -0.0417
0.1349 -0.0408
0.1343 -0.0395
0.1351 -0.0386
0.1345 -0.0373
0.1353 -0.0364
0.1347 -0.0351
0.1355 -0.0342
0.1352 -0.0335
0.1359 -0.0327
0.1354 -0.0313
0.1361 -0.0305
0.1355 -0.0291
0.1363 -0.0283
0.1357 -0.0269
0.1365 -0.0261
0.1359 -0.0247
0.1367 -0.0239
0.1361 -0.0225
0.1369 -0.0217
0.1366 -0.0210
0.1373 -0.0201
0.1368 -0.0188
0.1375 -0.0179
0.1369 -0.0166
0.1377 -0.0158
0.1374 -0.0151
0.1382 -0.0142
0.1376 -0.0129
0.1383 -0.0120
0.1381 -0.0114
0.1388 -0.0105
0.1382 -0.0092
0.1390 -0.0083
0.1387 -0.0077
0.1395 -0.0068
0.1386 -0.0048
0.1401 -0.0031
0.1395 -0.0018
0.1403 -0.0009
0.1400 -0.0002
0.1408 0.0006
0.1399 0.0026
0.1407 0.0035
0.1404 0.0041
0.1411 0.0050
0.1408 0.0056
0.1416 0.0065
0.1407 0.0085
0.1415 0.0093
0.1412 0.0100
0.1420 0.0108
0.1414 0.0122
0.1421 0.0130
0.1413 0.0150
0.1428 0.0167
0.1422 0.0180
0.1430 0.0189
0.1424 0.0202
0.1431 0.0210
0.1429 0.0217
0.1436 0.0225
0.1428 0.0246
0.1435 0.0254
0.1432 0.0261
0.1440 0.0269
0.1434 0.0282
0.1421 0.0288
0.1410 0.0286
0.1397 0.0292
0.1387 0.0290
0.1373 0.0296
