Boundary height (m): 0.0200

Boundary (x, y) points transformed on the world xy plane (m):
0.1269 0.0912
0.1248 0.0910
0.1217 0.0879
0.1220 0.0872
0.1197 0.0848
0.1200 0.0841
0.1168 0.0809
0.1171 0.0802
0.1148 0.0778
0.1151 0.0771
0.1127 0.0747
0.1130 0.0740
0.1107 0.0716
0.1110 0.0709
0.1078 0.0677
0.1081 0.0669
0.1065 0.0653
0.1068 0.0646
0.1044 0.0622
0.1047 0.0615
0.1023 0.0590
0.1026 0.0583
0.1002 0.0558
0.1005 0.0551
0.0981 0.0526
0.0984 0.0519
0.0952 0.0486
0.0955 0.0479
0.0930 0.0454
0.0933 0.0447
0.0917 0.0430
0.0920 0.0423
0.0904 0.0406
0.0907 0.0399
0.0874 0.0365
0.0877 0.0358
0.0861 0.0341
0.0864 0.0334
0.0847 0.0317
0.0850 0.0310
0.0842 0.0301
0.0845 0.0294
0.0874 0.0283
0.0877 0.0276
0.0892 0.0270
0.0895 0.0263
0.0909 0.0257
0.0920 0.0259
0.0937 0.0276
0.0934 0.0283
0.0966 0.0317
0.0963 0.0324
0.0987 0.0349
0.0984 0.0356
0.1016 0.0390
0.1013 0.0397
0.1029 0.0413
0.1026 0.0420
0.1050 0.0445
0.1047 0.0452
0.1079 0.0485
0.1076 0.0492
0.1108 0.0525
0.1105 0.0532
0.1129 0.0557
0.1126 0.0564
0.1141 0.0580
0.1138 0.0587
0.1170 0.0620
0.1167 0.0627
0.1190 0.0651
0.1187 0.0658
0.1203 0.0674
0.1200 0.0681
0.1231 0.0713
0.1228 0.0720
0.1259 0.0752
0.1256 0.0759
0.1279 0.0783
0.1276 0.0790
0.1299 0.0814
0.1296 0.0820
0.1319 0.0844
0.1316 0.0851
0.1332 0.0867
0.1329 0.0874
0.1315 0.0880
0.1312 0.0887
0.1286 0.0899
0.1283 0.0906
0.1269 0.0912
