Boundary height (m): 0.0200

Boundary (x, y) points transformed on the world xy plane (m):
-0.0623 -0.0336
-0.0709 -0.0350
-0.0734 -0.0362
-0.0749 -0.0364
-0.0770 -0.0385
-0.0766 -0.0393
-0.0798 -0.0423
-0.0794 -0.0431
-0.0804 -0.0441
-0.0800 -0.0449
-0.0822 -0.0470
-0.0814 -0.0485
-0.0824 -0.0496
-0.0765 -0.0613
-0.0747 -0.0619
-0.0739 -0.0634
-0.0630 -0.0665
-0.0616 -0.0663
-0.0598 -0.0668
-0.0583 -0.0665
-0.0573 -0.0655
-0.0559 -0.0653
-0.0549 -0.0642
-0.0535 -0.0640
-0.0494 -0.0599
-0.0498 -0.0591
-0.0487 -0.0581
-0.0491 -0.0574
-0.0481 -0.0563
-0.0485 -0.0556
-0.0475 -0.0546
-0.0478 -0.0538
-0.0468 -0.0528
-0.0476 -0.0513
-0.0466 -0.0503
-0.0477 -0.0479
-0.0467 -0.0469
-0.0486 -0.0431
-0.0503 -0.0426
-0.0522 -0.0387
-0.0540 -0.0382
-0.0544 -0.0374
-0.0562 -0.0368
-0.0566 -0.0361
-0.0623 -0.0336
