Boundary height (m): 0.0200

Boundary (x, y) points transformed on the world xy plane (m):
0.0756 -0.0498
0.0709 -0.0507
0.0701 -0.0516
0.0677 -0.0520
0.0669 -0.0530
0.0657 -0.0532
0.0649 -0.0541
0.0637 -0.0543
0.0628 -0.0553
0.0616 -0.0555
0.0608 -0.0564
0.0572 -0.0571
0.0564 -0.0580
0.0552 -0.0583
0.0543 -0.0592
0.0531 -0.0594
0.0522 -0.0604
0.0510 -0.0606
0.0502 -0.0616
0.0477 -0.0620
0.0469 -0.0630
0.0444 -0.0634
0.0436 -0.0644
0.0423 -0.0646
0.0414 -0.0656
0.0402 -0.0658
0.0376 -0.0687
0.0446 -0.0837
0.0461 -0.0841
0.0553 -0.1039
0.0583 -0.1047
0.0595 -0.1045
0.0604 -0.1035
0.0628 -0.1030
0.0636 -0.1020
0.0660 -0.1015
0.0668 -0.1005
0.0692 -0.1000
0.0700 -0.0990
0.0712 -0.0988
0.0720 -0.0978
0.0755 -0.0970
0.0764 -0.0961
0.0787 -0.0955
0.0795 -0.0946
0.0807 -0.0943
0.0815 -0.0934
0.0826 -0.0931
0.0835 -0.0922
0.0846 -0.0919
0.0854 -0.0910
0.0900 -0.0900
0.0908 -0.0891
0.0931 -0.0886
0.0947 -0.0867
0.0888 -0.0737
0.0874 -0.0732
0.0852 -0.0684
0.0860 -0.0675
0.0846 -0.0670
0.0770 -0.0503
0.0756 -0.0498
