Boundary height (m): 0.0200

Boundary (x, y) points transformed on the world xy plane (m):
-0.0863 0.0183
-0.0874 0.0195
-0.0885 0.0195
-0.0890 0.0189
-0.0990 0.0191
-0.0995 0.0186
-0.1111 0.0188
-0.1116 0.0182
-0.1243 0.0184
-0.1248 0.0179
-0.1269 0.0179
-0.1274 0.0174
-0.1273 0.0168
-0.1278 0.0162
-0.1272 0.0089
-0.1277 0.0084
-0.1269 -0.0006
-0.1274 -0.0012
-0.1266 -0.0106
-0.1271 -0.0111
-0.1264 -0.0188
-0.1269 -0.0194
-0.1265 -0.0232
-0.1260 -0.0238
-0.1135 -0.0240
-0.1131 -0.0234
-0.1017 -0.0237
-0.1012 -0.0231
-0.0872 -0.0234
-0.0867 -0.0228
-0.0852 -0.0229
-0.0847 -0.0223
-0.0851 -0.0163
-0.0846 -0.0157
-0.0857 0.0014
-0.0852 0.0020
-0.0858 0.0026
-0.0859 0.0048
-0.0855 0.0053
-0.0863 0.0183
