Boundary height (m): 0.0200

Boundary (x, y) points transformed on the world xy plane (m):
0.0298 -0.0336
0.0293 -0.0341
0.0278 -0.0341
0.0273 -0.0346
0.0268 -0.0346
0.0263 -0.0351
0.0257 -0.0351
0.0252 -0.0357
0.0247 -0.0357
0.0242 -0.0362
0.0237 -0.0362
0.0232 -0.0367
0.0227 -0.0367
0.0186 -0.0409
0.0187 -0.0415
0.0181 -0.0420
0.0182 -0.0425
0.0172 -0.0436
0.0172 -0.0441
0.0167 -0.0446
0.0167 -0.0463
0.0162 -0.0468
0.0163 -0.0537
0.0168 -0.0542
0.0169 -0.0553
0.0174 -0.0558
0.0174 -0.0564
0.0179 -0.0569
0.0179 -0.0574
0.0221 -0.0617
0.0226 -0.0617
0.0236 -0.0628
0.0241 -0.0628
0.0246 -0.0633
0.0251 -0.0634
0.0256 -0.0639
0.0262 -0.0639
0.0267 -0.0644
0.0277 -0.0644
0.0282 -0.0650
0.0307 -0.0650
0.0312 -0.0656
0.0348 -0.0656
0.0353 -0.0651
0.0368 -0.0651
0.0373 -0.0646
0.0388 -0.0646
0.0393 -0.0641
0.0404 -0.0641
0.0409 -0.0636
0.0414 -0.0636
0.0419 -0.0631
0.0424 -0.0631
0.0429 -0.0626
0.0434 -0.0626
0.0444 -0.0616
0.0449 -0.0616
0.0485 -0.0580
0.0485 -0.0574
0.0490 -0.0569
0.0490 -0.0564
0.0495 -0.0559
0.0495 -0.0543
0.0500 -0.0538
0.0500 -0.0522
0.0505 -0.0516
0.0505 -0.0474
0.0499 -0.0468
0.0499 -0.0447
0.0489 -0.0436
0.0489 -0.0431
0.0484 -0.0425
0.0484 -0.0420
0.0468 -0.0404
0.0468 -0.0398
0.0453 -0.0382
0.0448 -0.0382
0.0438 -0.0371
0.0432 -0.0371
0.0422 -0.0360
0.0417 -0.0360
0.0412 -0.0354
0.0401 -0.0354
0.0396 -0.0348
0.0386 -0.0348
0.0381 -0.0343
0.0365 -0.0342
0.0360 -0.0337
0.0298 -0.0336
