Boundary height (m): 0.0200

Boundary (x, y) points transformed on the world xy plane (m):
0.1533 0.1232
0.1532 0.1213
0.1537 0.1207
0.1528 0.0991
0.1533 0.0985
0.1529 0.0888
0.1534 0.0882
0.1527 0.0708
0.1532 0.0702
0.1526 0.0696
0.1526 0.0690
0.1531 0.0684
0.1527 0.0578
0.1532 0.0572
0.1529 0.0513
0.1534 0.0507
0.1529 0.0397
0.1524 0.0391
0.1523 0.0362
0.1528 0.0357
0.1521 0.0213
0.1526 0.0208
0.1525 0.0174
0.1530 0.0168
0.1528 0.0117
0.1533 0.0111
0.1530 0.0061
0.1535 0.0055
0.1533 0.0005
0.1538 -0.0001
0.1535 -0.0073
0.1540 -0.0079
0.1537 -0.0134
0.1382 -0.0131
0.1376 -0.0137
0.1371 -0.0137
0.1366 -0.0131
0.1356 -0.0131
0.1350 -0.0136
0.1335 -0.0136
0.1330 -0.0130
0.1324 -0.0130
0.1319 -0.0136
0.1298 -0.0135
0.1293 -0.0130
0.1179 -0.0128
0.1174 -0.0122
0.1086 -0.0121
0.1064 -0.0142
0.1062 -0.0235
0.1057 -0.0241
0.1055 -0.0311
0.1050 -0.0317
0.1048 -0.0403
0.1053 -0.0408
0.1052 -0.0446
0.1057 -0.0451
0.1056 -0.0510
0.1061 -0.0516
0.1059 -0.0600
0.1054 -0.0605
0.1052 -0.0684
0.1057 -0.0689
0.1057 -0.0695
0.1062 -0.0700
0.1061 -0.0705
0.1071 -0.0716
0.1076 -0.0716
0.1086 -0.0726
0.1162 -0.0728
0.1167 -0.0723
0.1177 -0.0723
0.1182 -0.0728
0.1192 -0.0728
0.1197 -0.0723
0.1228 -0.0724
0.1232 -0.0729
0.1293 -0.0730
0.1298 -0.0735
0.1353 -0.0736
0.1358 -0.0742
0.1357 -0.0778
0.1362 -0.0783
0.1355 -0.0963
0.1360 -0.0968
0.1357 -0.1024
0.1362 -0.1029
0.1360 -0.1075
0.1365 -0.1080
0.1359 -0.1239
0.1285 -0.1238
0.1280 -0.1233
0.1221 -0.1232
0.1216 -0.1227
0.1103 -0.1225
0.1098 -0.1220
0.1024 -0.1219
0.1020 -0.1214
0.0793 -0.1210
0.0788 -0.1215
0.0729 -0.1214
0.0724 -0.1219
0.0620 -0.1217
0.0615 -0.1222
0.0457 -0.1219
0.0452 -0.1224
0.0423 -0.1224
0.0418 -0.1219
0.0393 -0.1218
0.0388 -0.1223
0.0383 -0.1218
0.0369 -0.1218
0.0364 -0.1223
0.0354 -0.1223
0.0349 -0.1218
0.0344 -0.1222
0.0309 -0.1222
0.0304 -0.1217
0.0285 -0.1216
0.0280 -0.1221
-0.0402 -0.1210
-0.0406 -0.1215
-0.0782 -0.1209
-0.0786 -0.1213
-0.0989 -0.1210
-0.0995 -0.1205
-0.1074 -0.1204
-0.1079 -0.1199
-0.1242 -0.1196
-0.1247 -0.1201
-0.1252 -0.1196
-0.1292 -0.1195
-0.1296 -0.1200
-0.1326 -0.1199
-0.1331 -0.1194
-0.1336 -0.1199
-0.1361 -0.1199
-0.1366 -0.1194
-0.1401 -0.1193
-0.1405 -0.1198
-0.1425 -0.1198
-0.1430 -0.1193
-0.1435 -0.1198
-0.1465 -0.1197
-0.1470 -0.1192
-0.1475 -0.1192
-0.1479 -0.1197
-0.1554 -0.1196
-0.1565 -0.1186
-0.1565 -0.1181
-0.1571 -0.1175
-0.1571 -0.1170
-0.1567 -0.1166
-0.1570 -0.1136
-0.1565 -0.1131
-0.1567 -0.1121
-0.1562 -0.1116
-0.1564 -0.1101
-0.1559 -0.1096
-0.1565 -0.1035
-0.1561 -0.1030
-0.1565 -0.0990
-0.1561 -0.0985
-0.1567 -0.0923
-0.1563 -0.0918
-0.1566 -0.0888
-0.1561 -0.0883
-0.1568 -0.0816
-0.1564 -0.0810
-0.1571 -0.0733
-0.1567 -0.0728
-0.1570 -0.0696
-0.1566 -0.0691
-0.1567 -0.0675
-0.1563 -0.0670
-0.1563 -0.0665
-0.1569 -0.0660
-0.1570 -0.0649
-0.1565 -0.0644
-0.1569 -0.0612
-0.1564 -0.0607
-0.1570 -0.0544
-0.1566 -0.0539
-0.1571 -0.0533
-0.1577 -0.0480
-0.1572 -0.0475
-0.1577 -0.0427
-0.1573 -0.0421
-0.1573 -0.0416
-0.1568 -0.0411
-0.1573 -0.0362
-0.1569 -0.0357
-0.1577 -0.0270
-0.1573 -0.0265
-0.1578 -0.0210
-0.1574 -0.0205
-0.1577 -0.0166
-0.1573 -0.0161
-0.1579 -0.0095
-0.1575 -0.0089
-0.1580 -0.0039
-0.1575 -0.0034
-0.1582 0.0033
-0.1577 0.0039
-0.1581 0.0078
-0.1576 0.0083
-0.1581 0.0128
-0.1576 0.0134
-0.1582 0.0196
-0.1577 0.0202
-0.1584 0.0270
-0.1579 0.0276
-0.1582 0.0299
-0.1577 0.0305
-0.1583 0.0368
-0.1578 0.0374
-0.1584 0.0432
-0.1579 0.0437
-0.1582 0.0472
-0.1578 0.0478
-0.1580 0.0507
-0.1576 0.0513
-0.1582 0.0583
-0.1578 0.0589
-0.1582 0.0630
-0.1577 0.0636
-0.1583 0.0701
-0.1578 0.0707
-0.1582 0.0749
-0.1577 0.0755
-0.1585 0.0833
-0.1580 0.0839
-0.1583 0.0869
-0.1578 0.0875
-0.1586 0.0954
-0.1581 0.0960
-0.1587 0.1027
-0.1582 0.1033
-0.1584 0.1057
-0.1591 0.1064
-0.1586 0.1070
-0.1586 0.1076
-0.1581 0.1082
-0.1582 0.1088
-0.1527 0.1087
-0.1522 0.1093
-0.1461 0.1092
-0.1456 0.1098
-0.1346 0.1096
-0.1341 0.1102
-0.1253 0.1100
-0.1248 0.1106
-0.1138 0.1104
-0.1133 0.1110
-0.1039 0.1108
-0.1034 0.1114
-0.0907 0.1112
-0.0902 0.1118
-0.0820 0.1116
-0.0815 0.1123
-0.0798 0.1122
-0.0786 0.1110
-0.0786 0.1097
-0.0780 0.1091
-0.0778 0.1060
-0.0772 0.1054
-0.0761 0.0859
-0.0766 0.0853
-0.0752 0.0621
-0.0746 0.0615
-0.0746 0.0609
-0.0729 0.0591
-0.0707 0.0590
-0.0701 0.0584
-0.0599 0.0582
-0.0594 0.0588
-0.0433 0.0585
-0.0428 0.0591
-0.0422 0.0585
-0.0417 0.0591
-0.0180 0.0586
-0.0175 0.0592
-0.0052 0.0590
-0.0041 0.0601
-0.0043 0.0678
-0.0038 0.0684
-0.0040 0.0756
-0.0035 0.0762
-0.0037 0.0864
-0.0032 0.0870
-0.0010 0.0869
-0.0005 0.0875
0.0071 0.0874
0.0077 0.0868
0.0088 0.0867
0.0093 0.0873
0.0099 0.0867
0.0115 0.0867
0.0120 0.0873
0.0501 0.0865
0.0512 0.0877
0.0512 0.0895
0.0506 0.0902
0.0506 0.0975
0.0501 0.0981
0.0500 0.1079
0.0495 0.1085
0.0494 0.1227
0.0500 0.1233
0.0505 0.1233
0.0511 0.1239
0.0610 0.1238
0.0616 0.1244
0.0710 0.1242
0.0716 0.1248
0.0721 0.1248
0.0727 0.1254
0.0732 0.1248
0.0771 0.1247
0.0776 0.1253
0.0782 0.1247
0.0787 0.1253
0.0799 0.1253
0.0804 0.1246
0.0826 0.1246
0.0832 0.1252
0.0920 0.1250
0.0926 0.1244
0.0931 0.1250
0.0937 0.1244
0.1036 0.1242
0.1042 0.1248
0.1064 0.1247
0.1069 0.1241
0.1075 0.1247
0.1080 0.1247
0.1086 0.1241
0.1091 0.1241
0.1097 0.1247
0.1102 0.1247
0.1108 0.1240
0.1113 0.1240
0.1119 0.1246
0.1125 0.1246
0.1130 0.1240
0.1147 0.1240
0.1152 0.1246
0.1334 0.1242
0.1340 0.1236
0.1346 0.1242
0.1384 0.1241
0.1389 0.1235
0.1395 0.1235
0.1401 0.1241
0.1428 0.1240
0.1434 0.1234
0.1439 0.1234
0.1445 0.1240
0.1450 0.1240
0.1456 0.1234
0.1467 0.1233
0.1473 0.1239
0.1489 0.1239
0.1494 0.1233
0.1505 0.1233
0.1511 0.1239
0.1528 0.1238
0.1533 0.1232
