Boundary height (m): 0.0200

Boundary (x, y) points transformed on the world xy plane (m):
-0.0319 0.0687
-0.0324 0.0683
-0.0345 0.0683
-0.0349 0.0678
-0.0358 0.0679
-0.0362 0.0674
-0.0371 0.0674
-0.0375 0.0669
-0.0383 0.0669
-0.0388 0.0665
-0.0396 0.0665
-0.0401 0.0660
-0.0405 0.0660
-0.0409 0.0655
-0.0413 0.0656
-0.0418 0.0651
-0.0422 0.0651
-0.0426 0.0646
-0.0430 0.0646
-0.0435 0.0641
-0.0439 0.0642
-0.0447 0.0637
-0.0452 0.0637
-0.0456 0.0632
-0.0460 0.0632
-0.0469 0.0623
-0.0473 0.0623
-0.0477 0.0618
-0.0481 0.0618
-0.0486 0.0614
-0.0490 0.0614
-0.0498 0.0604
-0.0502 0.0604
-0.0507 0.0600
-0.0511 0.0600
-0.0519 0.0590
-0.0524 0.0590
-0.0532 0.0581
-0.0536 0.0581
-0.0540 0.0576
-0.0545 0.0577
-0.0561 0.0558
-0.0566 0.0558
-0.0578 0.0544
-0.0582 0.0544
-0.0674 0.0442
-0.0673 0.0437
-0.0678 0.0432
-0.0678 0.0427
-0.0694 0.0409
-0.0694 0.0404
-0.0698 0.0400
-0.0698 0.0395
-0.0706 0.0386
-0.0706 0.0381
-0.0710 0.0377
-0.0710 0.0372
-0.0714 0.0367
-0.0714 0.0363
-0.0722 0.0354
-0.0722 0.0349
-0.0726 0.0344
-0.0726 0.0335
-0.0730 0.0331
-0.0730 0.0326
-0.0734 0.0321
-0.0734 0.0307
-0.0738 0.0303
-0.0738 0.0294
-0.0742 0.0289
-0.0742 0.0275
-0.0746 0.0271
-0.0746 0.0252
-0.0750 0.0248
-0.0750 0.0234
-0.0754 0.0230
-0.0754 0.0216
-0.0758 0.0211
-0.0758 0.0189
-0.0762 0.0184
-0.0761 0.0134
-0.0765 0.0130
-0.0765 0.0116
-0.0761 0.0111
-0.0760 0.0057
-0.0756 0.0053
-0.0756 0.0021
-0.0752 0.0017
-0.0752 -0.0005
-0.0748 -0.0010
-0.0748 -0.0023
-0.0744 -0.0028
-0.0744 -0.0032
-0.0740 -0.0037
-0.0740 -0.0050
-0.0736 -0.0055
-0.0736 -0.0059
-0.0731 -0.0064
-0.0731 -0.0073
-0.0727 -0.0077
-0.0727 -0.0082
-0.0723 -0.0086
-0.0723 -0.0095
-0.0719 -0.0100
-0.0719 -0.0104
-0.0715 -0.0108
-0.0715 -0.0113
-0.0711 -0.0117
-0.0711 -0.0122
-0.0703 -0.0131
-0.0703 -0.0135
-0.0695 -0.0144
-0.0695 -0.0149
-0.0675 -0.0171
-0.0675 -0.0176
-0.0663 -0.0189
-0.0663 -0.0193
-0.0640 -0.0220
-0.0640 -0.0225
-0.0612 -0.0256
-0.0608 -0.0256
-0.0585 -0.0283
-0.0581 -0.0283
-0.0569 -0.0297
-0.0565 -0.0297
-0.0553 -0.0310
-0.0549 -0.0310
-0.0542 -0.0319
-0.0538 -0.0319
-0.0526 -0.0333
-0.0522 -0.0333
-0.0518 -0.0337
-0.0514 -0.0338
-0.0506 -0.0346
-0.0502 -0.0347
-0.0499 -0.0351
-0.0495 -0.0351
-0.0491 -0.0356
-0.0487 -0.0356
-0.0483 -0.0360
-0.0475 -0.0361
-0.0471 -0.0365
-0.0463 -0.0365
-0.0459 -0.0370
-0.0452 -0.0370
-0.0448 -0.0375
-0.0444 -0.0375
-0.0440 -0.0379
-0.0428 -0.0380
-0.0424 -0.0384
-0.0413 -0.0385
-0.0409 -0.0389
-0.0401 -0.0390
-0.0397 -0.0394
-0.0334 -0.0397
-0.0330 -0.0401
-0.0216 -0.0407
-0.0212 -0.0402
-0.0192 -0.0403
-0.0188 -0.0399
-0.0176 -0.0400
-0.0172 -0.0396
-0.0160 -0.0396
-0.0156 -0.0392
-0.0144 -0.0393
-0.0140 -0.0389
-0.0136 -0.0389
-0.0132 -0.0385
-0.0128 -0.0385
-0.0124 -0.0381
-0.0116 -0.0381
-0.0111 -0.0377
-0.0107 -0.0377
-0.0103 -0.0373
-0.0099 -0.0373
-0.0091 -0.0365
-0.0087 -0.0365
-0.0083 -0.0361
-0.0082 -0.0340
-0.0086 -0.0335
-0.0086 -0.0331
-0.0090 -0.0327
-0.0089 -0.0322
-0.0093 -0.0318
-0.0093 -0.0309
-0.0097 -0.0305
-0.0097 -0.0300
-0.0100 -0.0296
-0.0100 -0.0292
-0.0104 -0.0287
-0.0104 -0.0283
-0.0112 -0.0274
-0.0124 -0.0273
-0.0128 -0.0277
-0.0136 -0.0277
-0.0140 -0.0281
-0.0152 -0.0281
-0.0156 -0.0285
-0.0180 -0.0284
-0.0184 -0.0288
-0.0264 -0.0284
-0.0268 -0.0289
-0.0324 -0.0286
-0.0328 -0.0282
-0.0332 -0.0281
-0.0336 -0.0286
-0.0344 -0.0285
-0.0347 -0.0281
-0.0367 -0.0280
-0.0371 -0.0275
-0.0379 -0.0275
-0.0383 -0.0271
-0.0391 -0.0270
-0.0395 -0.0266
-0.0399 -0.0266
-0.0403 -0.0261
-0.0411 -0.0261
-0.0414 -0.0256
-0.0422 -0.0256
-0.0426 -0.0251
-0.0430 -0.0251
-0.0434 -0.0247
-0.0442 -0.0246
-0.0450 -0.0237
-0.0454 -0.0237
-0.0458 -0.0233
-0.0462 -0.0233
-0.0466 -0.0228
-0.0470 -0.0228
-0.0474 -0.0223
-0.0478 -0.0223
-0.0485 -0.0214
-0.0489 -0.0214
-0.0493 -0.0209
-0.0497 -0.0209
-0.0509 -0.0196
-0.0513 -0.0196
-0.0521 -0.0187
-0.0525 -0.0186
-0.0537 -0.0173
-0.0541 -0.0173
-0.0572 -0.0136
-0.0572 -0.0132
-0.0584 -0.0118
-0.0584 -0.0114
-0.0596 -0.0100
-0.0596 -0.0096
-0.0604 -0.0087
-0.0604 -0.0082
-0.0608 -0.0078
-0.0608 -0.0069
-0.0612 -0.0064
-0.0612 -0.0060
-0.0616 -0.0055
-0.0616 -0.0046
-0.0620 -0.0042
-0.0620 -0.0033
-0.0624 -0.0028
-0.0624 -0.0019
-0.0628 -0.0015
-0.0628 -0.0001
-0.0632 0.0003
-0.0632 0.0008
-0.0636 0.0012
-0.0636 0.0026
-0.0640 0.0030
-0.0640 0.0048
-0.0644 0.0053
-0.0644 0.0089
-0.0648 0.0094
-0.0648 0.0130
-0.0644 0.0134
-0.0644 0.0162
-0.0640 0.0166
-0.0640 0.0184
-0.0636 0.0189
-0.0636 0.0198
-0.0632 0.0202
-0.0632 0.0211
-0.0628 0.0216
-0.0628 0.0234
-0.0624 0.0239
-0.0624 0.0243
-0.0620 0.0248
-0.0620 0.0262
-0.0616 0.0266
-0.0616 0.0271
-0.0612 0.0275
-0.0612 0.0280
-0.0608 0.0285
-0.0608 0.0289
-0.0603 0.0294
-0.0603 0.0298
-0.0599 0.0303
-0.0599 0.0312
-0.0591 0.0321
-0.0591 0.0331
-0.0587 0.0335
-0.0587 0.0340
-0.0579 0.0349
-0.0579 0.0354
-0.0575 0.0358
-0.0575 0.0363
-0.0570 0.0367
-0.0570 0.0372
-0.0566 0.0377
-0.0566 0.0381
-0.0558 0.0391
-0.0558 0.0395
-0.0550 0.0404
-0.0550 0.0409
-0.0541 0.0418
-0.0541 0.0423
-0.0495 0.0474
-0.0491 0.0474
-0.0483 0.0483
-0.0478 0.0483
-0.0466 0.0497
-0.0462 0.0497
-0.0449 0.0511
-0.0445 0.0511
-0.0440 0.0515
-0.0436 0.0515
-0.0432 0.0520
-0.0428 0.0520
-0.0424 0.0525
-0.0419 0.0524
-0.0415 0.0529
-0.0411 0.0529
-0.0407 0.0534
-0.0398 0.0533
-0.0394 0.0538
-0.0381 0.0538
-0.0377 0.0542
-0.0373 0.0542
-0.0369 0.0547
-0.0360 0.0547
-0.0356 0.0552
-0.0339 0.0551
-0.0335 0.0556
-0.0322 0.0555
-0.0318 0.0560
-0.0309 0.0560
-0.0305 0.0565
-0.0288 0.0564
-0.0284 0.0569
-0.0267 0.0568
-0.0263 0.0573
-0.0246 0.0573
-0.0241 0.0577
-0.0178 0.0575
-0.0174 0.0570
-0.0161 0.0570
-0.0157 0.0565
-0.0149 0.0565
-0.0144 0.0560
-0.0136 0.0560
-0.0132 0.0555
-0.0128 0.0554
-0.0124 0.0549
-0.0115 0.0549
-0.0111 0.0544
-0.0107 0.0544
-0.0103 0.0539
-0.0094 0.0539
-0.0090 0.0534
-0.0086 0.0534
-0.0082 0.0529
-0.0078 0.0529
-0.0074 0.0524
-0.0069 0.0524
-0.0065 0.0519
-0.0061 0.0518
-0.0057 0.0513
-0.0053 0.0513
-0.0049 0.0508
-0.0044 0.0508
-0.0040 0.0503
-0.0036 0.0503
-0.0032 0.0498
-0.0028 0.0498
-0.0020 0.0488
-0.0016 0.0488
-0.0003 0.0473
0.0001 0.0473
0.0033 0.0433
0.0033 0.0429
0.0041 0.0419
0.0041 0.0414
0.0053 0.0399
0.0052 0.0394
0.0060 0.0385
0.0060 0.0380
0.0068 0.0370
0.0068 0.0365
0.0080 0.0351
0.0080 0.0346
0.0092 0.0331
0.0091 0.0326
0.0103 0.0312
0.0103 0.0307
0.0115 0.0288
0.0119 0.0288
0.0123 0.0283
0.0140 0.0282
0.0144 0.0287
0.0152 0.0287
0.0157 0.0291
0.0161 0.0291
0.0174 0.0300
0.0179 0.0300
0.0183 0.0304
0.0187 0.0304
0.0192 0.0309
0.0196 0.0309
0.0209 0.0322
0.0210 0.0327
0.0214 0.0332
0.0214 0.0337
0.0207 0.0346
0.0207 0.0351
0.0199 0.0361
0.0199 0.0366
0.0195 0.0371
0.0195 0.0375
0.0184 0.0390
0.0184 0.0395
0.0172 0.0410
0.0172 0.0415
0.0164 0.0424
0.0164 0.0429
0.0152 0.0444
0.0153 0.0449
0.0145 0.0459
0.0145 0.0464
0.0129 0.0483
0.0129 0.0488
0.0105 0.0518
0.0105 0.0523
0.0101 0.0528
0.0097 0.0528
0.0097 0.0533
0.0093 0.0538
0.0089 0.0538
0.0065 0.0568
0.0060 0.0568
0.0048 0.0583
0.0044 0.0584
0.0036 0.0594
0.0032 0.0594
0.0024 0.0604
0.0019 0.0604
0.0015 0.0609
0.0011 0.0609
0.0003 0.0619
-0.0001 0.0619
-0.0006 0.0624
-0.0014 0.0625
-0.0022 0.0635
-0.0031 0.0635
-0.0035 0.0640
-0.0039 0.0640
-0.0043 0.0645
-0.0052 0.0645
-0.0056 0.0650
-0.0064 0.0651
-0.0069 0.0656
-0.0077 0.0656
-0.0081 0.0661
-0.0090 0.0661
-0.0094 0.0666
-0.0107 0.0667
-0.0111 0.0672
-0.0119 0.0672
-0.0123 0.0677
-0.0145 0.0678
-0.0149 0.0683
-0.0162 0.0683
-0.0166 0.0688
-0.0273 0.0691
-0.0277 0.0686
-0.0319 0.0687
