Boundary height (m): 0.0200

Boundary (x, y) points transformed on the world xy plane (m):
0.0868 0.0869
0.0860 0.0792
0.0864 0.0787
0.0863 0.0782
0.0859 0.0777
0.0856 0.0756
0.0860 0.0751
0.0855 0.0746
0.0853 0.0726
0.0857 0.0721
0.0850 0.0645
0.0854 0.0640
0.0850 0.0605
0.0854 0.0600
0.0848 0.0540
0.0852 0.0535
0.0847 0.0486
0.0851 0.0481
0.0845 0.0422
0.0849 0.0417
0.0845 0.0383
0.0849 0.0378
0.0845 0.0340
0.0849 0.0335
0.0846 0.0301
0.0850 0.0296
0.0843 0.0234
0.0847 0.0229
0.0843 0.0187
0.0846 0.0182
0.0843 0.0149
0.0847 0.0144
0.0844 0.0116
0.0848 0.0111
0.0842 0.0051
0.0845 0.0046
0.0841 0.0005
0.0845 0.0000
0.0835 -0.0091
0.0839 -0.0096
0.0833 -0.0150
0.0837 -0.0155
0.0837 -0.0159
0.0832 -0.0163
0.0831 -0.0168
0.0835 -0.0173
0.0825 -0.0266
0.0829 -0.0271
0.0826 -0.0301
0.0829 -0.0306
0.0826 -0.0337
0.0830 -0.0341
0.0826 -0.0381
0.0829 -0.0385
0.0823 -0.0441
0.0827 -0.0446
0.0818 -0.0536
0.0821 -0.0540
0.0818 -0.0570
0.0822 -0.0574
0.0818 -0.0604
0.0822 -0.0608
0.0820 -0.0625
0.0824 -0.0629
0.0822 -0.0650
0.0825 -0.0655
0.0822 -0.0680
0.0814 -0.0679
0.0810 -0.0683
0.0774 -0.0682
0.0770 -0.0677
0.0742 -0.0676
0.0738 -0.0680
0.0645 -0.0675
0.0642 -0.0671
0.0586 -0.0668
0.0581 -0.0672
0.0510 -0.0668
0.0505 -0.0672
0.0461 -0.0670
0.0457 -0.0674
0.0417 -0.0672
0.0413 -0.0676
0.0318 -0.0671
0.0314 -0.0667
0.0310 -0.0667
0.0306 -0.0671
0.0219 -0.0666
0.0215 -0.0670
0.0121 -0.0665
0.0117 -0.0669
0.0066 -0.0667
0.0061 -0.0671
-0.0075 -0.0664
-0.0079 -0.0668
-0.0122 -0.0666
-0.0126 -0.0670
-0.0192 -0.0666
-0.0196 -0.0670
-0.0200 -0.0670
-0.0204 -0.0666
-0.0208 -0.0669
-0.0297 -0.0665
-0.0301 -0.0669
-0.0340 -0.0667
-0.0343 -0.0663
-0.0521 -0.0654
-0.0524 -0.0649
-0.0528 -0.0649
-0.0532 -0.0653
-0.0544 -0.0653
-0.0547 -0.0648
-0.0559 -0.0648
-0.0563 -0.0652
-0.0567 -0.0647
-0.0570 -0.0651
-0.0677 -0.0646
-0.0681 -0.0650
-0.0704 -0.0649
-0.0708 -0.0652
-0.0738 -0.0651
-0.0742 -0.0655
-0.0765 -0.0654
-0.0769 -0.0657
-0.0822 -0.0655
-0.0826 -0.0659
-0.0830 -0.0654
-0.0833 -0.0658
-0.0894 -0.0655
-0.0898 -0.0659
-0.0932 -0.0657
-0.0935 -0.0653
-0.0936 -0.0613
-0.0933 -0.0609
-0.0940 -0.0284
-0.0944 -0.0280
-0.0945 -0.0229
-0.0949 -0.0224
-0.0951 -0.0134
-0.0955 -0.0129
-0.0956 -0.0099
-0.0960 -0.0094
-0.0961 -0.0046
-0.0965 -0.0041
-0.0966 -0.0019
-0.0970 -0.0015
-0.0972 0.0048
-0.0976 0.0052
-0.0978 0.0138
-0.0982 0.0142
-0.0989 0.0447
-0.0994 0.0452
-0.1002 0.0770
-0.1006 0.0775
-0.1009 0.0884
-0.0996 0.0884
-0.0992 0.0889
-0.0921 0.0887
-0.0916 0.0892
-0.0828 0.0890
-0.0824 0.0895
-0.0688 0.0891
-0.0684 0.0896
-0.0594 0.0894
-0.0590 0.0899
-0.0393 0.0894
-0.0388 0.0899
-0.0016 0.0890
-0.0012 0.0895
0.0242 0.0889
0.0247 0.0894
0.0251 0.0889
0.0299 0.0888
0.0304 0.0893
0.0570 0.0887
0.0574 0.0881
0.0671 0.0879
0.0675 0.0874
0.0769 0.0872
0.0773 0.0866
0.0840 0.0865
0.0845 0.0870
0.0868 0.0869
